[DATASET] (1.2509000e+02 1.7310000e+02)
2.4000000e+02 6.4591604e-01 4.6301691e-01 9.1868515e-01 1.5217632e-02 1.1956213e-01
3.8037437e+02 6.4352899e-01 4.6423116e-01 8.9626450e-01 1.4739161e-02 1.1126386e-01
6.0285274e+02 6.4116422e-01 4.6545398e-01 8.7551393e-01 1.4299383e-02 1.0365348e-01
9.5545721e+02 6.3882178e-01 4.6668555e-01 8.5622280e-01 1.3893282e-02 9.6642915e-02
1.5142976e+03 6.3650165e-01 4.6792609e-01 8.3821643e-01 1.3516710e-02 9.0159826e-02
2.4000000e+03 6.3420376e-01 4.6917578e-01 8.2134850e-01 1.3166205e-02 8.4144097e-02
3.8037437e+03 6.3192799e-01 4.7043482e-01 8.0549540e-01 1.2838850e-02 7.8545287e-02
6.0285274e+03 6.2967421e-01 4.7170338e-01 7.9055182e-01 1.2532170e-02 7.3320684e-02
9.5545721e+03 6.2744223e-01 4.7298163e-01 7.7642741e-01 1.2244044e-02 6.8433821e-02
1.5142976e+04 6.2523186e-01 4.7426976e-01 7.6304415e-01 1.1972648e-02 6.3853320e-02
2.4000000e+04 6.2304290e-01 4.7556794e-01 7.5033421e-01 1.1716401e-02 5.9551999e-02
3.8037437e+04 6.2087512e-01 4.7687633e-01 7.3823833e-01 1.1473923e-02 5.5506151e-02
6.0285274e+04 6.1872829e-01 4.7819511e-01 7.2670444e-01 1.1244006e-02 5.1694977e-02
9.5545721e+04 6.1660217e-01 4.7952445e-01 7.1568657e-01 1.1025588e-02 4.8100126e-02
1.5142976e+05 6.1449651e-01 4.8086452e-01 7.0514398e-01 1.0817726e-02 4.4705326e-02
2.4000000e+05 6.1241106e-01 4.8221550e-01 6.9504037e-01 1.0619586e-02 4.1496070e-02
3.8037437e+05 6.1034557e-01 4.8357755e-01 6.8534330e-01 1.0430423e-02 3.8459373e-02
6.0285274e+05 6.0829978e-01 4.8495086e-01 6.7602368e-01 1.0249568e-02 3.5583559e-02
9.5545721e+05 6.0627344e-01 4.8633561e-01 6.6705531e-01 1.0076423e-02 3.2858085e-02
1.5142976e+06 6.0426629e-01 4.8773196e-01 6.5841453e-01 9.9104490e-03 3.0273401e-02
2.4000000e+06 6.0227808e-01 4.8914011e-01 6.5007990e-01 9.7511568e-03 2.7820818e-02
3.8037437e+06 6.0030854e-01 4.9056024e-01 6.4203195e-01 9.5981044e-03 2.5492412e-02
6.0285274e+06 5.9835743e-01 4.9199253e-01 6.3425295e-01 9.4508899e-03 2.3280928e-02
9.5545721e+06 5.9642450e-01 4.9343717e-01 6.2672670e-01 9.3091466e-03 2.1179706e-02
1.5142976e+07 5.9450950e-01 4.9489437e-01 6.1943837e-01 9.1725399e-03 1.9182617e-02
2.4000000e+07 5.9261217e-01 4.9636430e-01 6.1237436e-01 9.0407633e-03 1.7284003e-02
3.8037437e+07 5.9073229e-01 4.9784718e-01 6.0552216e-01 8.9135354e-03 1.5478629e-02
6.0285274e+07 5.8886960e-01 4.9934321e-01 5.9887023e-01 8.7905975e-03 1.3761642e-02
9.5545721e+07 5.8702387e-01 5.0085259e-01 5.9240793e-01 8.6717111e-03 1.2128530e-02
1.5142976e+08 5.8519487e-01 5.0237553e-01 5.8612542e-01 8.5566563e-03 1.0575092e-02
2.4000000e+08 5.8338236e-01 5.0391225e-01 5.8001356e-01 8.4452293e-03 9.0974091e-03
3.8037437e+08 5.8158611e-01 5.0546296e-01 5.7406389e-01 8.3372416e-03 7.6918165e-03
6.0285274e+08 5.7980591e-01 5.0702789e-01 5.6826853e-01 8.2325181e-03 6.3548833e-03
9.5545721e+08 5.7804152e-01 5.0860727e-01 5.6262013e-01 8.1308959e-03 5.0833919e-03
1.5142976e+09 5.7629273e-01 5.1020133e-01 5.5711186e-01 8.0322237e-03 3.8743199e-03
2.4000000e+09 5.7455933e-01 5.1181030e-01 5.5173732e-01 7.9363601e-03 2.7248241e-03
3.8037437e+09 5.7284110e-01 5.1343442e-01 5.4649053e-01 7.8431731e-03 1.6322270e-03
6.0285274e+09 5.7113784e-01 5.1507395e-01 5.4136589e-01 7.7525395e-03 5.9400297e-04
9.5545721e+09 5.6944933e-01 5.1672913e-01 5.3635814e-01 7.6643438e-03 -3.9223242e-04
1.5142976e+10 5.6777539e-01 5.1840022e-01 5.3146235e-01 7.5784778e-03 -1.3287332e-03
2.4000000e+10 5.6611581e-01 5.2008749e-01 5.2667387e-01 7.4948398e-03 -2.2176323e-03
3.8037437e+10 5.6447040e-01 5.2179119e-01 5.2198835e-01 7.4133345e-03 -3.0609500e-03
6.0285274e+10 5.6283896e-01 5.2351162e-01 5.1740166e-01 7.3338720e-03 -3.8606017e-03
9.5545721e+10 5.6122131e-01 5.2524904e-01 5.1290992e-01 7.2563679e-03 -4.6184050e-03
1.5142976e+11 5.5961726e-01 5.2700375e-01 5.0850946e-01 7.1807423e-03 -5.3360861e-03
2.4000000e+11 5.5802662e-01 5.2877604e-01 5.0419682e-01 7.1069202e-03 -6.0152855e-03
3.8037437e+11 5.5644923e-01 5.3056621e-01 4.9996871e-01 7.0348304e-03 -6.6575638e-03
6.0285274e+11 5.5488490e-01 5.3237457e-01 4.9582203e-01 6.9644059e-03 -7.2644060e-03
9.5545721e+11 5.5333347e-01 5.3420143e-01 4.9175382e-01 6.8955831e-03 -7.8372268e-03
1.5142976e+12 5.5179475e-01 5.3604711e-01 4.8776131e-01 6.8283018e-03 -8.3773740e-03
2.4000000e+12 5.5026859e-01 5.3791195e-01 4.8384182e-01 6.7625049e-03 -8.8861329e-03
3.8037437e+12 5.4875482e-01 5.3979629e-01 4.7999283e-01 6.6981383e-03 -9.3647298e-03
6.0285274e+12 5.4725327e-01 5.4170046e-01 4.7621194e-01 6.6351507e-03 -9.8143350e-03
9.5545721e+12 5.4576379e-01 5.4362482e-01 4.7249687e-01 6.5734931e-03 -1.0236066e-02
1.5142976e+13 5.4428623e-01 5.4556974e-01 4.6884544e-01 6.5131192e-03 -1.0630991e-02
2.4000000e+13 5.4282042e-01 5.4753560e-01 4.6525557e-01 6.4539847e-03 -1.1000130e-02
3.8037437e+13 5.4136622e-01 5.4952276e-01 4.6172528e-01 6.3960475e-03 -1.1344458e-02
6.0285274e+13 5.3992348e-01 5.5153163e-01 4.5825267e-01 6.3392676e-03 -1.1664910e-02
9.5545721e+13 5.3849206e-01 5.5356261e-01 4.5483593e-01 6.2836066e-03 -1.1962377e-02
1.5142976e+14 5.3707180e-01 5.5561610e-01 4.5147334e-01 6.2290280e-03 -1.2237714e-02
2.4000000e+14 5.3566257e-01 5.5769253e-01 4.4816324e-01 6.1754970e-03 -1.2491739e-02
3.8037437e+14 5.3426424e-01 5.5979234e-01 4.4490404e-01 6.1229803e-03 -1.2725235e-02
6.0285274e+14 5.3287665e-01 5.6191596e-01 4.4169423e-01 6.0714459e-03 -1.2938952e-02
9.5545721e+14 5.3149969e-01 5.6406386e-01 4.3853234e-01 6.0208635e-03 -1.3133608e-02
1.5142976e+15 5.3013321e-01 5.6623651e-01 4.3541699e-01 5.9712039e-03 -1.3309893e-02
2.4000000e+15 5.2877709e-01 5.6843438e-01 4.3234683e-01 5.9224390e-03 -1.3468465e-02
3.8037437e+15 5.2743121e-01 5.7065798e-01 4.2932057e-01 5.8745422e-03 -1.3609958e-02
6.0285274e+15 5.2609542e-01 5.7290781e-01 4.2633698e-01 5.8274877e-03 -1.3734976e-02
9.5545721e+15 5.2476962e-01 5.7518440e-01 4.2339486e-01 5.7812510e-03 -1.3844101e-02
1.5142976e+16 5.2345368e-01 5.7748828e-01 4.2049307e-01 5.7358083e-03 -1.3937890e-02
2.4000000e+16 5.2214748e-01 5.7982000e-01 4.1763051e-01 5.6911371e-03 -1.4016877e-02
3.8037437e+16 5.2085091e-01 5.8218014e-01 4.1480611e-01 5.6472154e-03 -1.4081574e-02
6.0285274e+16 5.1956384e-01 5.8456927e-01 4.1201885e-01 5.6040223e-03 -1.4132471e-02
9.5545721e+16 5.1828616e-01 5.8698801e-01 4.0926775e-01 5.5615376e-03 -1.4170039e-02
1.5142976e+17 5.1701777e-01 5.8943697e-01 4.0655185e-01 5.5197420e-03 -1.4194730e-02
2.4000000e+17 5.1575856e-01 5.9191678e-01 4.0387023e-01 5.4786167e-03 -1.4206975e-02
3.8037437e+17 5.1450840e-01 5.9442811e-01 4.0122201e-01 5.4381438e-03 -1.4207190e-02
6.0285274e+17 5.1326721e-01 5.9697163e-01 3.9860633e-01 5.3983060e-03 -1.4195771e-02
9.5545721e+17 5.1203486e-01 5.9954803e-01 3.9602236e-01 5.3590864e-03 -1.4173100e-02
1.5142976e+18 5.1081127e-01 6.0215804e-01 3.9346930e-01 5.3204691e-03 -1.4139541e-02
2.4000000e+18 5.0959633e-01 6.0480239e-01 3.9094638e-01 5.2824385e-03 -1.4095444e-02
3.8037437e+18 5.0838993e-01 6.0748184e-01 3.8845283e-01 5.2449795e-03 -1.4041142e-02
6.0285274e+18 5.0719199e-01 6.1019719e-01 3.8598795e-01 5.2080777e-03 -1.3976958e-02
9.5545721e+18 5.0600240e-01 6.1294925e-01 3.8355101e-01 5.1717192e-03 -1.3903196e-02
1.5142976e+19 5.0482107e-01 6.1573884e-01 3.8114134e-01 5.1358904e-03 -1.3820150e-02
2.4000000e+19 5.0364790e-01 6.1856684e-01 3.7875828e-01 5.1005782e-03 -1.3728101e-02
3.8037437e+19 5.0248281e-01 6.2143415e-01 3.7640119e-01 5.0657701e-03 -1.3627316e-02
6.0285274e+19 5.0132569e-01 6.2434167e-01 3.7406943e-01 5.0314537e-03 -1.3518051e-02
9.5545721e+19 5.0017647e-01 6.2729036e-01 3.7176240e-01 4.9976173e-03 -1.3400551e-02
1.5142976e+20 4.9903505e-01 6.3028121e-01 3.6947952e-01 4.9642495e-03 -1.3275048e-02
2.4000000e+20 4.9790135e-01 6.3331523e-01 3.6722020e-01 4.9313391e-03 -1.3141764e-02
3.8037437e+20 4.9677529e-01 6.3639347e-01 3.6498390e-01 4.8988754e-03 -1.3000911e-02
6.0285274e+20 4.9565677e-01 6.3951703e-01 3.6277007e-01 4.8668480e-03 -1.2852690e-02
9.5545721e+20 4.9454571e-01 6.4268703e-01 3.6057817e-01 4.8352469e-03 -1.2697291e-02
1.5142976e+21 4.9344204e-01 6.4590463e-01 3.5840771e-01 4.8040622e-03 -1.2534895e-02
2.4000000e+21 4.9234567e-01 6.4917104e-01 3.5625817e-01 4.7732844e-03 -1.2365675e-02
3.8037437e+21 4.9125652e-01 6.5248751e-01 3.5412906e-01 4.7429044e-03 -1.2189791e-02
6.0285274e+21 4.9017452e-01 6.5585533e-01 3.5201992e-01 4.7129132e-03 -1.2007398e-02
9.5545721e+21 4.8909959e-01 6.5927586e-01 3.4993026e-01 4.6833020e-03 -1.1818639e-02
1.5142976e+22 4.8803165e-01 6.6275047e-01 3.4785964e-01 4.6540626e-03 -1.1623650e-02
2.4000000e+22 4.8697063e-01 6.6628062e-01 3.4580761e-01 4.6251867e-03 -1.1422558e-02
3.8037437e+22 4.8591646e-01 6.6986780e-01 3.4377374e-01 4.5966662e-03 -1.1215480e-02
6.0285274e+22 4.8486906e-01 6.7351357e-01 3.4175759e-01 4.5684936e-03 -1.1002527e-02
9.5545721e+22 4.8382836e-01 6.7721955e-01 3.3975876e-01 4.5406612e-03 -1.0783801e-02
1.5142976e+23 4.8279429e-01 6.8098740e-01 3.3777683e-01 4.5131616e-03 -1.0559396e-02
2.4000000e+23 4.8176678e-01 6.8481889e-01 3.3581140e-01 4.4859879e-03 -1.0329396e-02
3.8037437e+23 4.8074577e-01 6.8871583e-01 3.3386208e-01 4.4591329e-03 -1.0093881e-02
6.0285274e+23 4.7973118e-01 6.9268009e-01 3.3192849e-01 4.4325899e-03 -9.8529185e-03
9.5545721e+23 4.7872295e-01 6.9671366e-01 3.3001024e-01 4.4063524e-03 -9.6065720e-03
1.5142976e+24 4.7772102e-01 7.0081857e-01 3.2810696e-01 4.3804139e-03 -9.3548952e-03
2.4000000e+24 4.7672532e-01 7.0499696e-01 3.2621828e-01 4.3547680e-03 -9.0979341e-03
3.8037437e+24 4.7573578e-01 7.0925105e-01 3.2434385e-01 4.3294087e-03 -8.8357271e-03
6.0285274e+24 4.7475235e-01 7.1358316e-01 3.2248330e-01 4.3043301e-03 -8.5683045e-03
9.5545721e+24 4.7377496e-01 7.1799571e-01 3.2063629e-01 4.2795262e-03 -8.2956887e-03
1.5142976e+25 4.7280355e-01 7.2249123e-01 3.1880248e-01 4.2549913e-03 -8.0178938e-03
2.4000000e+25 4.7183807e-01 7.2707235e-01 3.1698151e-01 4.2307200e-03 -7.7349259e-03
3.8037437e+25 4.7087844e-01 7.3174182e-01 3.1517306e-01 4.2067067e-03 -7.4467827e-03
6.0285274e+25 4.6992462e-01 7.3650255e-01 3.1337678e-01 4.1829461e-03 -7.1534535e-03
9.5545721e+25 4.6897655e-01 7.4135753e-01 3.1159234e-01 4.1594329e-03 -6.8549189e-03
1.5142976e+26 4.6803417e-01 7.4630993e-01 3.0981943e-01 4.1361622e-03 -6.5511504e-03
2.4000000e+26 4.6709742e-01 7.5136306e-01 3.0805770e-01 4.1131288e-03 -6.2421108e-03
3.8037437e+26 4.6616625e-01 7.5652038e-01 3.0630685e-01 4.0903280e-03 -5.9277533e-03
6.0285274e+26 4.6524060e-01 7.6178553e-01 3.0456654e-01 4.0677548e-03 -5.6080213e-03
9.5545721e+26 4.6432042e-01 7.6716233e-01 3.0283646e-01 4.0454045e-03 -5.2828484e-03
1.5142976e+27 4.6340567e-01 7.7265479e-01 3.0111628e-01 4.0232726e-03 -4.9521577e-03
2.4000000e+27 4.6249627e-01 7.7826713e-01 2.9940569e-01 4.0013544e-03 -4.6158614e-03
3.8037437e+27 4.6159219e-01 7.8400378e-01 2.9770437e-01 3.9796455e-03 -4.2738604e-03
6.0285274e+27 4.6069338e-01 7.8986940e-01 2.9601200e-01 3.9581415e-03 -3.9260439e-03
9.5545721e+27 4.5979978e-01 7.9586891e-01 2.9432826e-01 3.9368381e-03 -3.5722886e-03
1.5142976e+28 4.5891134e-01 8.0200749e-01 2.9265283e-01 3.9157310e-03 -3.2124581e-03
2.4000000e+28 4.5802802e-01 8.0829062e-01 2.9098539e-01 3.8948160e-03 -2.8464022e-03
3.8037437e+28 4.5714976e-01 8.1472406e-01 2.8932561e-01 3.8740889e-03 -2.4739563e-03
6.0285274e+28 4.5627652e-01 8.2131391e-01 2.8767317e-01 3.8535457e-03 -2.0949402e-03
9.5545721e+28 4.5540826e-01 8.2806664e-01 2.8602775e-01 3.8331823e-03 -1.7091573e-03
1.5142976e+29 4.5454492e-01 8.3498908e-01 2.8438899e-01 3.8129946e-03 -1.3163938e-03
2.4000000e+29 4.5368647e-01 8.4208847e-01 2.8275658e-01 3.7929788e-03 -9.1641698e-04
3.8037437e+29 4.5283285e-01 8.4937249e-01 2.8113017e-01 3.7731308e-03 -5.0897434e-04
6.0285274e+29 4.5198402e-01 8.5684931e-01 2.7950940e-01 3.7534468e-03 -9.3792011e-05
9.5545721e+29 4.5113994e-01 8.6452761e-01 2.7789393e-01 3.7339229e-03 3.2942684e-04
1.5142976e+30 4.5030056e-01 8.7241660e-01 2.7628340e-01 3.7145552e-03 7.6100375e-04
2.4000000e+30 4.4946585e-01 8.8052614e-01 2.7467743e-01 3.6953398e-03 1.2012869e-03
3.8037437e+30 4.4863576e-01 8.8886671e-01 2.7307565e-01 3.6762729e-03 1.6506535e-03
6.0285274e+30 4.4781025e-01 8.9744952e-01 2.7147768e-01 3.6573507e-03 2.1095117e-03
9.5545721e+30 4.4698927e-01 9.0628655e-01 2.6988312e-01 3.6385692e-03 2.5783040e-03
1.5142976e+31 4.4617280e-01 9.1539063e-01 2.6829155e-01 3.6199247e-03 3.0575096e-03
2.4000000e+31 4.4536078e-01 9.2477553e-01 2.6670255e-01 3.6014132e-03 3.5476483e-03
3.8037437e+31 4.4455318e-01 9.3445600e-01 2.6511569e-01 3.5830309e-03 4.0492840e-03
6.0285274e+31 4.4374996e-01 9.4444794e-01 2.6353052e-01 3.5647736e-03 4.5630290e-03
9.5545721e+31 4.4295109e-01 9.5476845e-01 2.6194656e-01 3.5466376e-03 5.0895488e-03
1.5142976e+32 4.4215651e-01 9.6543599e-01 2.6036333e-01 3.5286186e-03 5.6295675e-03
2.4000000e+32 4.4136621e-01 9.7647050e-01 2.5878030e-01 3.5107126e-03 6.1838740e-03
3.8037437e+32 4.4058014e-01 9.8789355e-01 2.5719696e-01 3.4929154e-03 6.7533288e-03
6.0285274e+32 4.3979826e-01 9.9972857e-01 2.5561273e-01 3.4752226e-03 7.3388717e-03
9.5545721e+32 4.3902054e-01 1.0120010e+00 2.5402703e-01 3.4576298e-03 7.9415311e-03
1.5142976e+33 4.3824695e-01 1.0247385e+00 2.5243923e-01 3.4401326e-03 8.5624340e-03
2.4000000e+33 4.3747745e-01 1.0379713e+00 2.5084868e-01 3.4227262e-03 9.2028177e-03
3.8037437e+33 4.3671200e-01 1.0517324e+00 2.4925467e-01 3.4054058e-03 9.8640431e-03
6.0285274e+33 4.3595058e-01 1.0660581e+00 2.4765648e-01 3.3881663e-03 1.0547611e-02
9.5545721e+33 4.3519315e-01 1.0809882e+00 2.4605331e-01 3.3710026e-03 1.1255178e-02
1.5142976e+34 4.3443967e-01 1.0965665e+00 2.4444432e-01 3.3539090e-03 1.1988580e-02
2.4000000e+34 4.3369012e-01 1.1128414e+00 2.4282860e-01 3.3368799e-03 1.2749856e-02
3.8037437e+34 4.3294447e-01 1.1298666e+00 2.4120518e-01 3.3199091e-03 1.3541272e-02
6.0285274e+34 4.3220268e-01 1.1477019e+00 2.3957302e-01 3.3029901e-03 1.4365361e-02
9.5545721e+34 4.3146473e-01 1.1664136e+00 2.3793097e-01 3.2861161e-03 1.5224959e-02
1.5142976e+35 4.3073058e-01 1.1860764e+00 2.3627781e-01 3.2692797e-03 1.6123250e-02
2.4000000e+35 4.3000021e-01 1.2067738e+00 2.3461220e-01 3.2524729e-03 1.7063824e-02
3.8037437e+35 4.2927359e-01 1.2286002e+00 2.3293266e-01 3.2356871e-03 1.8050741e-02
6.0285274e+35 4.2855069e-01 1.2516625e+00 2.3123758e-01 3.2189130e-03 1.9088614e-02
9.5545721e+35 4.2783149e-01 1.2760824e+00 2.2952518e-01 3.2021405e-03 2.0182700e-02
1.5142976e+36 4.2711595e-01 1.3019990e+00 2.2779348e-01 3.1853582e-03 2.1339024e-02
2.4000000e+36 4.2640406e-01 1.3295723e+00 2.2604031e-01 3.1685537e-03 2.2564514e-02
3.8037437e+36 4.2569580e-01 1.3589875e+00 2.2426319e-01 3.1517133e-03 2.3867185e-02
6.0285274e+36 4.2499113e-01 1.3904600e+00 2.2245938e-01 3.1348212e-03 2.5256353e-02
9.5545721e+36 4.2429004e-01 1.4242425e+00 2.2062576e-01 3.1178600e-03 2.6742906e-02
1.5142976e+37 4.2359250e-01 1.4606336e+00 2.1875877e-01 3.1008096e-03 2.8339650e-02
2.4000000e+37 4.2289851e-01 1.4999888e+00 2.1685436e-01 3.0836470e-03 3.0061738e-02
3.8037437e+37 4.2220804e-01 1.5427357e+00 2.1490785e-01 3.0663454e-03 3.1927214e-02
6.0285274e+37 4.2152108e-01 1.5893940e+00 2.1291380e-01 3.0488736e-03 3.3957720e-02
9.5545721e+37 4.2083762e-01 1.6406024e+00 2.1086584e-01 3.0311945e-03 3.6179381e-02
1.5142976e+38 4.2015764e-01 1.6971565e+00 2.0875642e-01 3.0132634e-03 3.8623958e-02
2.4000000e+38 4.1948116e-01 1.7600622e+00 2.0657655e-01 2.9950264e-03 4.1330289e-02
3.8037437e+38 4.1880816e-01 1.8306130e+00 2.0431533e-01 2.9764165e-03 4.4346088e-02
6.0285274e+38 4.1813866e-01 1.9105060e+00 2.0195946e-01 2.9573496e-03 4.7730041e-02
9.5545721e+38 4.1747268e-01 2.0020196e+00 1.9949238e-01 2.9377175e-03 5.1553898e-02
1.5142976e+39 4.1681023e-01 2.1082988e+00 1.9689327e-01 2.9173781e-03 5.5903434e-02
2.4000000e+39 4.1615138e-01 2.2338319e+00 1.9413543e-01 2.8961385e-03 6.0874784e-02
3.8037437e+39 4.1549619e-01 2.3852941e+00 1.9118410e-01 2.8737273e-03 6.6555184e-02
6.0285274e+39 4.1484477e-01 2.5731447e+00 1.8799343e-01 2.8497452e-03 7.2952224e-02
9.5545721e+39 4.1419727e-01 2.8149289e+00 1.8450305e-01 2.8235669e-03 7.9741930e-02
1.5142976e+40 4.1355392e-01 3.1429475e+00 1.8063854e-01 2.7941297e-03 8.5288952e-02

[DATASET] (1.2485000e+02 1.7310000e+02)
2.4000000e+02 6.4591604e-01 4.6301691e-01 9.1868520e-01 1.5217632e-02 1.1905480e-01
3.8037437e+02 6.4352899e-01 4.6423116e-01 8.9626461e-01 1.4739161e-02 1.1073895e-01
6.0285274e+02 6.4116422e-01 4.6545398e-01 8.7551411e-01 1.4299383e-02 1.0311172e-01
9.5545721e+02 6.3882178e-01 4.6668555e-01 8.5622304e-01 1.3893281e-02 9.6085025e-02
1.5142976e+03 6.3650165e-01 4.6792609e-01 8.3821673e-01 1.3516709e-02 8.9586501e-02
2.4000000e+03 6.3420376e-01 4.6917578e-01 8.2134886e-01 1.3166204e-02 8.3556018e-02
3.8037437e+03 6.3192799e-01 4.7043482e-01 8.0549581e-01 1.2838849e-02 7.7943120e-02
6.0285274e+03 6.2967421e-01 4.7170338e-01 7.9055229e-01 1.2532169e-02 7.2705079e-02
9.5545721e+03 6.2744223e-01 4.7298163e-01 7.7642794e-01 1.2244043e-02 6.7805411e-02
1.5142976e+04 6.2523186e-01 4.7426976e-01 7.6304473e-01 1.1972647e-02 6.3212726e-02
2.4000000e+04 6.2304290e-01 4.7556794e-01 7.5033484e-01 1.1716400e-02 5.8899824e-02
3.8037437e+04 6.2087512e-01 4.7687633e-01 7.3823901e-01 1.1473922e-02 5.4842983e-02
6.0285274e+04 6.1872829e-01 4.7819511e-01 7.2670517e-01 1.1244005e-02 5.1021390e-02
9.5545721e+04 6.1660217e-01 4.7952445e-01 7.1568735e-01 1.1025587e-02 4.7416680e-02
1.5142976e+05 6.1449651e-01 4.8086452e-01 7.0514480e-01 1.0817725e-02 4.4012563e-02
2.4000000e+05 6.1241106e-01 4.8221550e-01 6.9504124e-01 1.0619585e-02 4.0794521e-02
3.8037437e+05 6.1034557e-01 4.8357755e-01 6.8534422e-01 1.0430421e-02 3.7749552e-02
6.0285274e+05 6.0829978e-01 4.8495086e-01 6.7602464e-01 1.0249567e-02 3.4865965e-02
9.5545721e+05 6.0627344e-01 4.8633561e-01 6.6705631e-01 1.0076422e-02 3.2133204e-02
1.5142976e+06 6.0426629e-01 4.8773196e-01 6.5841557e-01 9.9104479e-03 2.9541703e-02
2.4000000e+06 6.0227808e-01 4.8914011e-01 6.5008097e-01 9.7511558e-03 2.7082761e-02
3.8037437e+06 6.0030854e-01 4.9056024e-01 6.4203307e-01 9.5981035e-03 2.4748437e-02
6.0285274e+06 5.9835743e-01 4.9199253e-01 6.3425410e-01 9.4508889e-03 2.2531464e-02
9.5545721e+06 5.9642450e-01 4.9343717e-01 6.2672789e-01 9.3091457e-03 2.0425168e-02
1.5142976e+07 5.9450950e-01 4.9489437e-01 6.1943960e-01 9.1725391e-03 1.8423406e-02
2.4000000e+07 5.9261217e-01 4.9636430e-01 6.1237563e-01 9.0407625e-03 1.6520507e-02
3.8037437e+07 5.9073229e-01 4.9784718e-01 6.0552346e-01 8.9135347e-03 1.4711222e-02
6.0285274e+07 5.8886960e-01 4.9934321e-01 5.9887156e-01 8.7905968e-03 1.2990685e-02
9.5545721e+07 5.8702387e-01 5.0085259e-01 5.9240930e-01 8.6717105e-03 1.1354373e-02
1.5142976e+08 5.8519487e-01 5.0237553e-01 5.8612681e-01 8.5566557e-03 9.7980713e-03
2.4000000e+08 5.8338236e-01 5.0391225e-01 5.8001499e-01 8.4452288e-03 8.3178482e-03
3.8037437e+08 5.8158611e-01 5.0546296e-01 5.7406534e-01 8.3372411e-03 6.9100277e-03
6.0285274e+08 5.7980590e-01 5.0702789e-01 5.6827001e-01 8.2325177e-03 5.5711671e-03
9.5545721e+08 5.7804152e-01 5.0860727e-01 5.6262164e-01 8.1308956e-03 4.2980373e-03
1.5142976e+09 5.7629273e-01 5.1020133e-01 5.5711340e-01 8.0322234e-03 3.0876047e-03
2.4000000e+09 5.7455933e-01 5.1181030e-01 5.5173888e-01 7.9363598e-03 1.9370153e-03
3.8037437e+09 5.7284110e-01 5.1343442e-01 5.4649212e-01 7.8431730e-03 8.4358090e-04
6.0285274e+09 5.7113783e-01 5.1507395e-01 5.4136750e-01 7.7525394e-03 -1.9523441e-04
9.5545721e+09 5.6944933e-01 5.1672913e-01 5.3635978e-01 7.6643438e-03 -1.1818252e-03
1.5142976e+10 5.6777539e-01 5.1840022e-01 5.3146401e-01 7.5784778e-03 -2.1184552e-03
2.4000000e+10 5.6611581e-01 5.2008748e-01 5.2667556e-01 7.4948399e-03 -3.0072669e-03
3.8037437e+10 5.6447040e-01 5.2179119e-01 5.2199006e-01 7.4133346e-03 -3.8502899e-03
6.0285274e+10 5.6283896e-01 5.2351162e-01 5.1740339e-01 7.3338722e-03 -4.6494484e-03
9.5545721e+10 5.6122131e-01 5.2524904e-01 5.1291167e-01 7.2563681e-03 -5.4065689e-03
1.5142976e+11 5.5961725e-01 5.2700375e-01 5.0851123e-01 7.1807426e-03 -6.1233858e-03
2.4000000e+11 5.5802662e-01 5.2877604e-01 5.0419861e-01 7.1069206e-03 -6.8015481e-03
3.8037437e+11 5.5644923e-01 5.3056621e-01 4.9997052e-01 7.0348309e-03 -7.4426240e-03
6.0285274e+11 5.5488490e-01 5.3237457e-01 4.9582386e-01 6.9644064e-03 -8.0481063e-03
9.5545721e+11 5.5333347e-01 5.3420143e-01 4.9175567e-01 6.8955837e-03 -8.6194171e-03
1.5142976e+12 5.5179475e-01 5.3604711e-01 4.8776317e-01 6.8283024e-03 -9.1579114e-03
2.4000000e+12 5.5026859e-01 5.3791195e-01 4.8384370e-01 6.7625056e-03 -9.6648814e-03
3.8037437e+12 5.4875482e-01 5.3979628e-01 4.7999473e-01 6.6981391e-03 -1.0141560e-02
6.0285274e+12 5.4725327e-01 5.4170046e-01 4.7621386e-01 6.6351515e-03 -1.0589124e-02
9.5545721e+12 5.4576379e-01 5.4362482e-01 4.7249881e-01 6.5734940e-03 -1.1008697e-02
1.5142976e+13 5.4428623e-01 5.4556974e-01 4.6884739e-01 6.5131201e-03 -1.1401354e-02
2.4000000e+13 5.4282042e-01 5.4753560e-01 4.6525753e-01 6.4539857e-03 -1.1768119e-02
3.8037437e+13 5.4136622e-01 5.4952276e-01 4.6172725e-01 6.3960486e-03 -1.2109976e-02
6.0285274e+13 5.3992348e-01 5.5153163e-01 4.5825465e-01 6.3392687e-03 -1.2427861e-02
9.5545721e+13 5.3849206e-01 5.5356261e-01 4.5483793e-01 6.2836077e-03 -1.2722673e-02
1.5142976e+14 5.3707180e-01 5.5561610e-01 4.5147535e-01 6.2290292e-03 -1.2995271e-02
2.4000000e+14 5.3566257e-01 5.5769253e-01 4.4816526e-01 6.1754983e-03 -1.3246478e-02
3.8037437e+14 5.3426424e-01 5.5979233e-01 4.4490608e-01 6.1229816e-03 -1.3477082e-02
6.0285274e+14 5.3287665e-01 5.6191596e-01 4.4169628e-01 6.0714473e-03 -1.3687837e-02
9.5545721e+14 5.3149969e-01 5.6406386e-01 4.3853440e-01 6.0208649e-03 -1.3879466e-02
1.5142976e+15 5.3013321e-01 5.6623651e-01 4.3541906e-01 5.9712053e-03 -1.4052662e-02
2.4000000e+15 5.2877709e-01 5.6843438e-01 4.3234891e-01 5.9224405e-03 -1.4208088e-02
3.8037437e+15 5.2743121e-01 5.7065798e-01 4.2932266e-01 5.8745437e-03 -1.4346379e-02
6.0285274e+15 5.2609542e-01 5.7290781e-01 4.2633908e-01 5.8274893e-03 -1.4468147e-02
9.5545721e+15 5.2476962e-01 5.7518440e-01 4.2339697e-01 5.7812526e-03 -1.4573974e-02
1.5142976e+16 5.2345368e-01 5.7748828e-01 4.2049519e-01 5.7358100e-03 -1.4664422e-02
2.4000000e+16 5.2214748e-01 5.7982000e-01 4.1763263e-01 5.6911388e-03 -1.4740028e-02
3.8037437e+16 5.2085091e-01 5.8218014e-01 4.1480824e-01 5.6472172e-03 -1.4801306e-02
6.0285274e+16 5.1956384e-01 5.8456927e-01 4.1202099e-01 5.6040241e-03 -1.4848750e-02
9.5545721e+16 5.1828616e-01 5.8698801e-01 4.0926989e-01 5.5615395e-03 -1.4882834e-02
1.5142976e+17 5.1701777e-01 5.8943697e-01 4.0655400e-01 5.5197439e-03 -1.4904012e-02
2.4000000e+17 5.1575855e-01 5.9191678e-01 4.0387239e-01 5.4786187e-03 -1.4912718e-02
3.8037437e+17 5.1450840e-01 5.9442811e-01 4.0122418e-01 5.4381458e-03 -1.4909369e-02
6.0285274e+17 5.1326721e-01 5.9697162e-01 3.9860850e-01 5.3983080e-03 -1.4894366e-02
9.5545721e+17 5.1203486e-01 5.9954803e-01 3.9602454e-01 5.3590885e-03 -1.4868091e-02
1.5142976e+18 5.1081127e-01 6.0215803e-01 3.9347148e-01 5.3204712e-03 -1.4830910e-02
2.4000000e+18 5.0959633e-01 6.0480238e-01 3.9094856e-01 5.2824406e-03 -1.4783177e-02
3.8037437e+18 5.0838993e-01 6.0748184e-01 3.8845503e-01 5.2449817e-03 -1.4725226e-02
6.0285274e+18 5.0719199e-01 6.1019719e-01 3.8599014e-01 5.2080800e-03 -1.4657380e-02
9.5545721e+18 5.0600240e-01 6.1294925e-01 3.8355321e-01 5.1717215e-03 -1.4579947e-02
1.5142976e+19 5.0482107e-01 6.1573884e-01 3.8114355e-01 5.1358927e-03 -1.4493223e-02
2.4000000e+19 5.0364790e-01 6.1856684e-01 3.7876049e-01 5.1005805e-03 -1.4397489e-02
3.8037437e+19 5.0248280e-01 6.2143414e-01 3.7640340e-01 5.0657724e-03 -1.4293015e-02
6.0285274e+19 5.0132569e-01 6.2434166e-01 3.7407164e-01 5.0314561e-03 -1.4180057e-02
9.5545721e+19 5.0017647e-01 6.2729036e-01 3.7176462e-01 4.9976198e-03 -1.4058862e-02
1.5142976e+20 4.9903505e-01 6.3028120e-01 3.6948174e-01 4.9642519e-03 -1.3929663e-02
2.4000000e+20 4.9790135e-01 6.3331522e-01 3.6722242e-01 4.9313416e-03 -1.3792684e-02
3.8037437e+20 4.9677529e-01 6.3639347e-01 3.6498612e-01 4.8988779e-03 -1.3648137e-02
6.0285274e+20 4.9565677e-01 6.3951703e-01 3.6277229e-01 4.8668506e-03 -1.3496225e-02
9.5545721e+20 4.9454571e-01 6.4268702e-01 3.6058040e-01 4.8352494e-03 -1.3337138e-02
1.5142976e+21 4.9344204e-01 6.4590462e-01 3.5840994e-01 4.8040648e-03 -1.3171060e-02
2.4000000e+21 4.9234567e-01 6.4917104e-01 3.5626040e-01 4.7732870e-03 -1.2998162e-02
3.8037437e+21 4.9125652e-01 6.5248751e-01 3.5413130e-01 4.7429070e-03 -1.2818609e-02
6.0285274e+21 4.9017452e-01 6.5585533e-01 3.5202215e-01 4.7129158e-03 -1.2632552e-02
9.5545721e+21 4.8909959e-01 6.5927586e-01 3.4993250e-01 4.6833047e-03 -1.2440139e-02
1.5142976e+22 4.8803165e-01 6.6275047e-01 3.4786188e-01 4.6540653e-03 -1.2241503e-02
2.4000000e+22 4.8697063e-01 6.6628062e-01 3.4580985e-01 4.6251894e-03 -1.2036774e-02
3.8037437e+22 4.8591646e-01 6.6986780e-01 3.4377597e-01 4.5966690e-03 -1.1826070e-02
6.0285274e+22 4.8486906e-01 6.7351357e-01 3.4175983e-01 4.5684964e-03 -1.1609501e-02
9.5545721e+22 4.8382836e-01 6.7721954e-01 3.3976099e-01 4.5406640e-03 -1.1387170e-02
1.5142976e+23 4.8279429e-01 6.8098740e-01 3.3777906e-01 4.5131644e-03 -1.1159172e-02
2.4000000e+23 4.8176678e-01 6.8481889e-01 3.3581364e-01 4.4859907e-03 -1.0925591e-02
3.8037437e+23 4.8074577e-01 6.8871582e-01 3.3386432e-01 4.4591357e-03 -1.0686507e-02
6.0285274e+23 4.7973118e-01 6.9268009e-01 3.3193072e-01 4.4325928e-03 -1.0441990e-02
9.5545721e+23 4.7872295e-01 6.9671365e-01 3.3001247e-01 4.4063553e-03 -1.0192102e-02
1.5142976e+24 4.7772102e-01 7.0081856e-01 3.2810918e-01 4.3804168e-03 -9.9368968e-03
2.4000000e+24 4.7672532e-01 7.0499695e-01 3.2622051e-01 4.3547709e-03 -9.6764215e-03
3.8037437e+24 4.7573578e-01 7.0925104e-01 3.2434607e-01 4.3294117e-03 -9.4107145e-03
6.0285274e+24 4.7475235e-01 7.1358316e-01 3.2248552e-01 4.3043330e-03 -9.1398063e-03
9.5545721e+24 4.7377496e-01 7.1799571e-01 3.2063852e-01 4.2795291e-03 -8.8637194e-03
1.5142976e+25 4.7280355e-01 7.2249122e-01 3.1880470e-01 4.2549943e-03 -8.5824684e-03
2.4000000e+25 4.7183807e-01 7.2707234e-01 3.1698373e-01 4.2307230e-03 -8.2960593e-03
3.8037437e+25 4.7087844e-01 7.3174182e-01 3.1517527e-01 4.2067097e-03 -8.0044900e-03
6.0285274e+25 4.6992462e-01 7.3650254e-01 3.1337899e-01 4.1829491e-03 -7.7077498e-03
9.5545721e+25 4.6897655e-01 7.4135753e-01 3.1159455e-01 4.1594360e-03 -7.4058193e-03
1.5142976e+26 4.6803417e-01 7.4630993e-01 3.0982163e-01 4.1361652e-03 -7.0986703e-03
2.4000000e+26 4.6709742e-01 7.5136305e-01 3.0805991e-01 4.1131319e-03 -6.7862654e-03
3.8037437e+26 4.6616625e-01 7.5652037e-01 3.0630905e-01 4.0903310e-03 -6.4685578e-03
6.0285274e+26 4.6524060e-01 7.6178552e-01 3.0456874e-01 4.0677578e-03 -6.1454910e-03
9.5545721e+26 4.6432042e-01 7.6716233e-01 3.0283865e-01 4.0454076e-03 -5.8169984e-03
1.5142976e+27 4.6340566e-01 7.7265479e-01 3.0111847e-01 4.0232756e-03 -5.4830030e-03
2.4000000e+27 4.6249627e-01 7.7826713e-01 2.9940787e-01 4.0013575e-03 -5.1434170e-03
3.8037437e+27 4.6159219e-01 7.8400377e-01 2.9770655e-01 3.9796486e-03 -4.7981412e-03
6.0285274e+27 4.6069338e-01 7.8986939e-01 2.9601417e-01 3.9581446e-03 -4.4470645e-03
9.5545721e+27 4.5979978e-01 7.9586890e-01 2.9433043e-01 3.9368412e-03 -4.0900635e-03
1.5142976e+28 4.5891134e-01 8.0200749e-01 2.9265500e-01 3.9157341e-03 -3.7270016e-03
2.4000000e+28 4.5802801e-01 8.0829061e-01 2.9098755e-01 3.8948191e-03 -3.3577285e-03
3.8037437e+28 4.5714976e-01 8.1472405e-01 2.8932777e-01 3.8740921e-03 -2.9820791e-03
6.0285274e+28 4.5627652e-01 8.2131391e-01 2.8767533e-01 3.8535489e-03 -2.5998731e-03
9.5545721e+28 4.5540826e-01 8.2806664e-01 2.8602990e-01 3.8331854e-03 -2.2109138e-03
1.5142976e+29 4.5454492e-01 8.3498907e-01 2.8439114e-01 3.8129978e-03 -1.8149867e-03
2.4000000e+29 4.5368646e-01 8.4208846e-01 2.8275872e-01 3.7929819e-03 -1.4118590e-03
3.8037437e+29 4.5283285e-01 8.4937249e-01 2.8113230e-01 3.7731340e-03 -1.0012777e-03
6.0285274e+29 4.5198402e-01 8.5684931e-01 2.7951153e-01 3.7534500e-03 -5.8296871e-04
9.5545721e+29 4.5113994e-01 8.6452760e-01 2.7789605e-01 3.7339261e-03 -1.5663467e-04
1.5142976e+30 4.5030056e-01 8.7241659e-01 2.7628551e-01 3.7145583e-03 2.7804637e-04
2.4000000e+30 4.4946585e-01 8.8052613e-01 2.7467954e-01 3.6953430e-03 7.2142310e-04
3.8037437e+30 4.4863576e-01 8.8886670e-01 2.7307776e-01 3.6762761e-03 1.1738731e-03
6.0285274e+30 4.4781025e-01 8.9744951e-01 2.7147978e-01 3.6573539e-03 1.6358052e-03
9.5545721e+30 4.4698927e-01 9.0628654e-01 2.6988521e-01 3.6385724e-03 2.1076623e-03
1.5142976e+31 4.4617280e-01 9.1539063e-01 2.6829363e-01 3.6199279e-03 2.5899244e-03
2.4000000e+31 4.4536078e-01 9.2477552e-01 2.6670463e-01 3.6014164e-03 3.0831118e-03
3.8037437e+31 4.4455318e-01 9.3445599e-01 2.6511777e-01 3.5830341e-03 3.5877890e-03
6.0285274e+31 4.4374996e-01 9.4444793e-01 2.6353259e-01 3.5647768e-03 4.1045692e-03
9.5545721e+31 4.4295108e-01 9.5476844e-01 2.6194862e-01 3.5466408e-03 4.6341185e-03
1.5142976e+32 4.4215651e-01 9.6543598e-01 2.6036538e-01 3.5286218e-03 5.1771619e-03
2.4000000e+32 4.4136621e-01 9.7647048e-01 2.5878235e-01 3.5107158e-03 5.7344891e-03
3.8037437e+32 4.4058014e-01 9.8789354e-01 2.5719900e-01 3.4929185e-03 6.3069614e-03
6.0285274e+32 4.3979826e-01 9.9972856e-01 2.5561476e-01 3.4752257e-03 6.8955198e-03
9.5545721e+32 4.3902054e-01 1.0120010e+00 2.5402905e-01 3.4576330e-03 7.5011937e-03
1.5142976e+33 4.3824695e-01 1.0247385e+00 2.5244124e-01 3.4401358e-03 8.1251110e-03
2.4000000e+33 4.3747745e-01 1.0379713e+00 2.5085068e-01 3.4227294e-03 8.7685102e-03
3.8037437e+33 4.3671200e-01 1.0517324e+00 2.4925667e-01 3.4054090e-03 9.4327538e-03
6.0285274e+33 4.3595058e-01 1.0660581e+00 2.4765847e-01 3.3881695e-03 1.0119343e-02
9.5545721e+33 4.3519314e-01 1.0809882e+00 2.4605530e-01 3.3710057e-03 1.0829938e-02
1.5142976e+34 4.3443967e-01 1.0965665e+00 2.4444629e-01 3.3539122e-03 1.1566374e-02
2.4000000e+34 4.3369012e-01 1.1128414e+00 2.4283056e-01 3.3368831e-03 1.2330692e-02
3.8037437e+34 4.3294447e-01 1.1298666e+00 2.4120714e-01 3.3199122e-03 1.3125161e-02
6.0285274e+34 4.3220268e-01 1.1477019e+00 2.3957496e-01 3.3029933e-03 1.3952315e-02
9.5545721e+34 4.3146473e-01 1.1664136e+00 2.3793291e-01 3.2861192e-03 1.4814993e-02
1.5142976e+35 4.3073058e-01 1.1860764e+00 2.3627974e-01 3.2692828e-03 1.5716380e-02
2.4000000e+35 4.3000021e-01 1.2067738e+00 2.3461412e-01 3.2524760e-03 1.6660069e-02
3.8037437e+35 4.2927359e-01 1.2286002e+00 2.3293457e-01 3.2356902e-03 1.7650124e-02
6.0285274e+35 4.2855069e-01 1.2516625e+00 2.3123947e-01 3.2189161e-03 1.8691160e-02
9.5545721e+35 4.2783149e-01 1.2760824e+00 2.2952706e-01 3.2021436e-03 1.9788438e-02
1.5142976e+36 4.2711595e-01 1.3019990e+00 2.2779536e-01 3.1853613e-03 2.0947986e-02
2.4000000e+36 4.2640406e-01 1.3295723e+00 2.2604217e-01 3.1685568e-03 2.2176736e-02
3.8037437e+36 4.2569579e-01 1.3589874e+00 2.2426505e-01 3.1517163e-03 2.3482709e-02
6.0285274e+36 4.2499113e-01 1.3904600e+00 2.2246123e-01 3.1348243e-03 2.4875224e-02
9.5545721e+36 4.2429003e-01 1.4242425e+00 2.2062759e-01 3.1178630e-03 2.6365177e-02
1.5142976e+37 4.2359250e-01 1.4606336e+00 2.1876059e-01 3.1008126e-03 2.7965380e-02
2.4000000e+37 4.2289851e-01 1.4999887e+00 2.1685617e-01 3.0836500e-03 2.9690992e-02
3.8037437e+37 4.2220804e-01 1.5427357e+00 2.1490964e-01 3.0663484e-03 3.1560067e-02
6.0285274e+37 4.2152108e-01 1.5893939e+00 2.1291558e-01 3.0488766e-03 3.3594257e-02
9.5545721e+37 4.2083761e-01 1.6406023e+00 2.1086760e-01 3.0311974e-03 3.5819698e-02
1.5142976e+38 4.2015764e-01 1.6971564e+00 2.0875817e-01 3.0132664e-03 3.8268163e-02
2.4000000e+38 4.1948116e-01 1.7600621e+00 2.0657828e-01 2.9950294e-03 4.0978507e-02
3.8037437e+38 4.1880816e-01 1.8306129e+00 2.0431705e-01 2.9764194e-03 4.3998460e-02
6.0285274e+38 4.1813866e-01 1.9105059e+00 2.0196115e-01 2.9573525e-03 4.7386731e-02
9.5545721e+38 4.1747267e-01 2.0020195e+00 1.9949406e-01 2.9377204e-03 5.1215093e-02
1.5142976e+39 4.1681023e-01 2.1082987e+00 1.9689493e-01 2.9173810e-03 5.5569351e-02
2.4000000e+39 4.1615138e-01 2.2338317e+00 1.9413707e-01 2.8961413e-03 6.0545673e-02
3.8037437e+39 4.1549619e-01 2.3852939e+00 1.9118572e-01 2.8737301e-03 6.6231330e-02
6.0285274e+39 4.1484477e-01 2.5731445e+00 1.8799502e-01 2.8497479e-03 7.2633943e-02
9.5545721e+39 4.1419727e-01 2.8149286e+00 1.8450462e-01 2.8235697e-03 7.9429533e-02
1.5142976e+40 4.1355392e-01 3.1429470e+00 1.8064007e-01 2.7941324e-03 8.4982626e-02

[DATASET] (1.2533000e+02 1.7310000e+02)
2.4000000e+02 6.4591604e-01 4.6301691e-01 9.1868510e-01 1.5217633e-02 1.2006949e-01
3.8037437e+02 6.4352899e-01 4.6423116e-01 8.9626438e-01 1.4739161e-02 1.1178884e-01
6.0285274e+02 6.4116422e-01 4.6545398e-01 8.7551375e-01 1.4299384e-02 1.0419534e-01
9.5545721e+02 6.3882178e-01 4.6668555e-01 8.5622256e-01 1.3893282e-02 9.7200952e-02
1.5142976e+03 6.3650165e-01 4.6792609e-01 8.3821613e-01 1.3516710e-02 9.0733346e-02
2.4000000e+03 6.3420376e-01 4.6917578e-01 8.2134814e-01 1.3166205e-02 8.4732422e-02
3.8037437e+03 6.3192799e-01 4.7043482e-01 8.0549498e-01 1.2838851e-02 7.9147754e-02
6.0285274e+03 6.2967421e-01 4.7170338e-01 7.9055134e-01 1.2532170e-02 7.3936648e-02
9.5545721e+03 6.2744223e-01 4.7298163e-01 7.7642688e-01 1.2244045e-02 6.9062649e-02
1.5142976e+04 6.2523186e-01 4.7426976e-01 7.6304357e-01 1.1972649e-02 6.4494397e-02
2.4000000e+04 6.2304290e-01 4.7556794e-01 7.5033358e-01 1.1716402e-02 6.0204724e-02
3.8037437e+04 6.2087512e-01 4.7687633e-01 7.3823765e-01 1.1473924e-02 5.6169937e-02
6.0285274e+04 6.1872829e-01 4.7819511e-01 7.2670371e-01 1.1244007e-02 5.2369253e-02
9.5545721e+04 6.1660217e-01 4.7952445e-01 7.1568579e-01 1.1025589e-02 4.8784337e-02
1.5142976e+05 6.1449651e-01 4.8086452e-01 7.0514315e-01 1.0817727e-02 4.5398928e-02
2.4000000e+05 6.1241106e-01 4.8221550e-01 6.9503950e-01 1.0619587e-02 4.2198537e-02
3.8037437e+05 6.1034557e-01 4.8357755e-01 6.8534239e-01 1.0430424e-02 3.9170192e-02
6.0285274e+05 6.0829978e-01 4.8495086e-01 6.7602273e-01 1.0249569e-02 3.6302232e-02
9.5545721e+05 6.0627344e-01 4.8633561e-01 6.6705431e-01 1.0076424e-02 3.3584129e-02
1.5142976e+06 6.0426629e-01 4.8773196e-01 6.5841349e-01 9.9104500e-03 3.1006345e-02
2.4000000e+06 6.0227808e-01 4.8914011e-01 6.5007882e-01 9.7511578e-03 2.8560209e-02
3.8037437e+06 6.0030854e-01 4.9056024e-01 6.4203083e-01 9.5981054e-03 2.6237807e-02
6.0285274e+06 5.9835743e-01 4.9199253e-01 6.3425179e-01 9.4508908e-03 2.4031900e-02
9.5545721e+06 5.9642450e-01 4.9343717e-01 6.2672551e-01 9.3091475e-03 2.1935841e-02
1.5142976e+07 5.9450950e-01 4.9489437e-01 6.1943715e-01 9.1725408e-03 1.9943515e-02
2.4000000e+07 5.9261217e-01 4.9636430e-01 6.1237310e-01 9.0407641e-03 1.8049276e-02
3.8037437e+07 5.9073229e-01 4.9784718e-01 6.0552086e-01 8.9135361e-03 1.6247904e-02
6.0285274e+07 5.8886960e-01 4.9934321e-01 5.9886890e-01 8.7905982e-03 1.4534558e-02
9.5545721e+07 5.8702387e-01 5.0085259e-01 5.9240657e-01 8.6717118e-03 1.2904738e-02
1.5142976e+08 5.8519487e-01 5.0237553e-01 5.8612403e-01 8.5566569e-03 1.1354256e-02
2.4000000e+08 5.8338236e-01 5.0391225e-01 5.8001214e-01 8.4452299e-03 9.8792052e-03
3.8037437e+08 5.8158611e-01 5.0546296e-01 5.7406244e-01 8.3372421e-03 8.4759322e-03
6.0285274e+08 5.7980591e-01 5.0702789e-01 5.6826705e-01 8.2325185e-03 7.1410181e-03
9.5545721e+08 5.7804152e-01 5.0860727e-01 5.6261862e-01 8.1308963e-03 5.8712565e-03
1.5142976e+09 5.7629273e-01 5.1020133e-01 5.5711032e-01 8.0322240e-03 4.6636360e-03
2.4000000e+09 5.7455933e-01 5.1181030e-01 5.5173576e-01 7.9363603e-03 3.5153244e-03
3.8037437e+09 5.7284110e-01 5.1343442e-01 5.4648894e-01 7.8431733e-03 2.4236546e-03
6.0285274e+09 5.7113784e-01 5.1507395e-01 5.4136427e-01 7.7525397e-03 1.3861114e-03
9.5545721e+09 5.6944933e-01 5.1672913e-01 5.3635650e-01 7.6643439e-03 4.0032022e-04
1.5142976e+10 5.6777539e-01 5.1840022e-01 5.3146068e-01 7.5784778e-03 -5.3596321e-04
2.4000000e+10 5.6611581e-01 5.2008749e-01 5.2667219e-01 7.4948398e-03 -1.4248623e-03
3.8037437e+10 5.6447040e-01 5.2179119e-01 5.2198664e-01 7.4133344e-03 -2.2683883e-03
6.0285274e+10 5.6283896e-01 5.2351162e-01 5.1739993e-01 7.3338718e-03 -3.0684476e-03
9.5545721e+10 5.6122131e-01 5.2524904e-01 5.1290817e-01 7.2563676e-03 -3.8268491e-03
1.5142976e+11 5.5961726e-01 5.2700375e-01 5.0850769e-01 7.1807420e-03 -4.5453106e-03
2.4000000e+11 5.5802662e-01 5.2877604e-01 5.0419503e-01 7.1069198e-03 -5.2254646e-03
3.8037437e+11 5.5644923e-01 5.3056621e-01 4.9996690e-01 7.0348300e-03 -5.8688637e-03
6.0285274e+11 5.5488491e-01 5.3237457e-01 4.9582020e-01 6.9644054e-03 -6.4769855e-03
9.5545721e+11 5.5333347e-01 5.3420143e-01 4.9175198e-01 6.8955826e-03 -7.0512370e-03
1.5142976e+12 5.5179475e-01 5.3604711e-01 4.8775944e-01 6.8283012e-03 -7.5929590e-03
2.4000000e+12 5.5026859e-01 5.3791195e-01 4.8383993e-01 6.7625042e-03 -8.1034300e-03
3.8037437e+12 5.4875482e-01 5.3979629e-01 4.7999093e-01 6.6981376e-03 -8.5838695e-03
6.0285274e+12 5.4725327e-01 5.4170046e-01 4.7621003e-01 6.6351499e-03 -9.0354415e-03
9.5545721e+12 5.4576379e-01 5.4362482e-01 4.7249494e-01 6.5734923e-03 -9.4592572e-03
1.5142976e+13 5.4428623e-01 5.4556975e-01 4.6884350e-01 6.5131183e-03 -9.8563786e-03
2.4000000e+13 5.4282042e-01 5.4753560e-01 4.6525361e-01 6.4539838e-03 -1.0227820e-02
3.8037437e+13 5.4136622e-01 5.4952276e-01 4.6172330e-01 6.3960465e-03 -1.0574552e-02
6.0285274e+13 5.3992348e-01 5.5153163e-01 4.5825068e-01 6.3392665e-03 -1.0897502e-02
9.5545721e+13 5.3849206e-01 5.5356261e-01 4.5483393e-01 6.2836055e-03 -1.1197558e-02
1.5142976e+14 5.3707180e-01 5.5561610e-01 4.5147133e-01 6.2290269e-03 -1.1475568e-02
2.4000000e+14 5.3566257e-01 5.5769253e-01 4.4816121e-01 6.1754958e-03 -1.1732347e-02
3.8037437e+14 5.3426424e-01 5.5979234e-01 4.4490200e-01 6.1229790e-03 -1.1968673e-02
6.0285274e+14 5.3287665e-01 5.6191596e-01 4.4169218e-01 6.0714446e-03 -1.2185291e-02
9.5545721e+14 5.3149969e-01 5.6406386e-01 4.3853028e-01 6.0208622e-03 -1.2382915e-02
1.5142976e+15 5.3013321e-01 5.6623651e-01 4.3541492e-01 5.9712025e-03 -1.2562231e-02
2.4000000e+15 5.2877710e-01 5.6843439e-01 4.3234475e-01 5.9224375e-03 -1.2723893e-02
3.8037437e+15 5.2743121e-01 5.7065798e-01 4.2931848e-01 5.8745407e-03 -1.2868530e-02
6.0285274e+15 5.2609542e-01 5.7290781e-01 4.2633488e-01 5.8274862e-03 -1.2996744e-02
9.5545721e+15 5.2476962e-01 5.7518440e-01 4.2339275e-01 5.7812494e-03 -1.3109114e-02
1.5142976e+16 5.2345368e-01 5.7748828e-01 4.2049095e-01 5.7358067e-03 -1.3206193e-02
2.4000000e+16 5.2214748e-01 5.7982000e-01 4.1762838e-01 5.6911354e-03 -1.3288510e-02
3.8037437e+16 5.2085091e-01 5.8218014e-01 4.1480397e-01 5.6472137e-03 -1.3356576e-02
6.0285274e+16 5.1956384e-01 5.8456928e-01 4.1201671e-01 5.6040205e-03 -1.3410878e-02
9.5545721e+16 5.1828617e-01 5.8698801e-01 4.0926560e-01 5.5615358e-03 -1.3451885e-02
1.5142976e+17 5.1701777e-01 5.8943697e-01 4.0654969e-01 5.5197401e-03 -1.3480043e-02
2.4000000e+17 5.1575856e-01 5.9191678e-01 4.0386807e-01 5.4786148e-03 -1.3495784e-02
3.8037437e+17 5.1450840e-01 5.9442811e-01 4.0121984e-01 5.4381419e-03 -1.3499519e-02
6.0285274e+17 5.1326721e-01 5.9697163e-01 3.9860416e-01 5.3983040e-03 -1.3491644e-02
9.5545721e+17 5.1203487e-01 5.9954803e-01 3.9602018e-01 5.3590844e-03 -1.3472536e-02
1.5142976e+18 5.1081127e-01 6.0215804e-01 3.9346712e-01 5.3204670e-03 -1.3442559e-02
2.4000000e+18 5.0959633e-01 6.0480239e-01 3.9094419e-01 5.2824364e-03 -1.3402060e-02
3.8037437e+18 5.0838994e-01 6.0748184e-01 3.8845064e-01 5.2449774e-03 -1.3351372e-02
6.0285274e+18 5.0719199e-01 6.1019719e-01 3.8598575e-01 5.2080756e-03 -1.3290812e-02
9.5545721e+18 5.0600240e-01 6.1294925e-01 3.8354881e-01 5.1717170e-03 -1.3220686e-02
1.5142976e+19 5.0482107e-01 6.1573884e-01 3.8113914e-01 5.1358882e-03 -1.3141285e-02
2.4000000e+19 5.0364790e-01 6.1856685e-01 3.7875607e-01 5.1005760e-03 -1.3052889e-02
3.8037437e+19 5.0248281e-01 6.2143415e-01 3.7639897e-01 5.0657678e-03 -1.2955762e-02
6.0285274e+19 5.0132569e-01 6.2434167e-01 3.7406721e-01 5.0314514e-03 -1.2850160e-02
9.5545721e+19 5.0017647e-01 6.2729036e-01 3.7176018e-01 4.9976150e-03 -1.2736326e-02
1.5142976e+20 4.9903506e-01 6.3028121e-01 3.6947729e-01 4.9642471e-03 -1.2614491e-02
2.4000000e+20 4.9790136e-01 6.3331523e-01 3.6721798e-01 4.9313367e-03 -1.2484876e-02
3.8037437e+20 4.9677529e-01 6.3639347e-01 3.6498167e-01 4.8988730e-03 -1.2347691e-02
6.0285274e+20 4.9565677e-01 6.3951703e-01 3.6276784e-01 4.8668456e-03 -1.2203135e-02
9.5545721e+20 4.9454571e-01 6.4268703e-01 3.6057594e-01 4.8352444e-03 -1.2051399e-02
1.5142976e+21 4.9344204e-01 6.4590463e-01 3.5840548e-01 4.8040596e-03 -1.1892663e-02
2.4000000e+21 4.9234567e-01 6.4917104e-01 3.5625594e-01 4.7732819e-03 -1.1727097e-02
3.8037437e+21 4.9125652e-01 6.5248751e-01 3.5412683e-01 4.7429018e-03 -1.1554863e-02
6.0285274e+21 4.9017452e-01 6.5585534e-01 3.5201768e-01 4.7129105e-03 -1.1376113e-02
9.5545721e+21 4.8909959e-01 6.5927586e-01 3.4992803e-01 4.6832994e-03 -1.1190990e-02
1.5142976e+22 4.8803165e-01 6.6275047e-01 3.4785741e-01 4.6540600e-03 -1.0999628e-02
2.4000000e+22 4.8697064e-01 6.6628062e-01 3.4580538e-01 4.6251840e-03 -1.0802155e-02
3.8037437e+22 4.8591646e-01 6.6986780e-01 3.4377150e-01 4.5966635e-03 -1.0598687e-02
6.0285274e+22 4.8486906e-01 6.7351357e-01 3.4175536e-01 4.5684909e-03 -1.0389334e-02
9.5545721e+22 4.8382836e-01 6.7721955e-01 3.3975652e-01 4.5406584e-03 -1.0174197e-02
1.5142976e+23 4.8279429e-01 6.8098741e-01 3.3777460e-01 4.5131589e-03 -9.9533705e-03
2.4000000e+23 4.8176678e-01 6.8481890e-01 3.3580917e-01 4.4859851e-03 -9.7269382e-03
3.8037437e+23 4.8074577e-01 6.8871583e-01 3.3385985e-01 4.4591301e-03 -9.4949779e-03
6.0285274e+23 4.7973118e-01 6.9268009e-01 3.3192625e-01 4.4325871e-03 -9.2575590e-03
9.5545721e+23 4.7872295e-01 6.9671366e-01 3.3000800e-01 4.4063496e-03 -9.0147431e-03
1.5142976e+24 4.7772102e-01 7.0081857e-01 3.2810472e-01 4.3804110e-03 -8.7665838e-03
2.4000000e+24 4.7672532e-01 7.0499696e-01 3.2621605e-01 4.3547651e-03 -8.5131271e-03
3.8037437e+24 4.7573578e-01 7.0925105e-01 3.2434162e-01 4.3294059e-03 -8.2544110e-03
6.0285274e+24 4.7475235e-01 7.1358316e-01 3.2248108e-01 4.3043272e-03 -7.9904655e-03
9.5545721e+24 4.7377496e-01 7.1799571e-01 3.2063407e-01 4.2795233e-03 -7.7213129e-03
1.5142976e+25 4.7280356e-01 7.2249123e-01 3.1880026e-01 4.2549884e-03 -7.4469670e-03
2.4000000e+25 4.7183807e-01 7.2707235e-01 3.1697929e-01 4.2307170e-03 -7.1674339e-03
3.8037437e+25 4.7087844e-01 7.3174183e-01 3.1517084e-01 4.2067037e-03 -6.8827111e-03
6.0285274e+25 4.6992462e-01 7.3650255e-01 3.1337456e-01 4.1829431e-03 -6.5927878e-03
9.5545721e+25 4.6897655e-01 7.4135753e-01 3.1159013e-01 4.1594300e-03 -6.2976444e-03
1.5142976e+26 4.6803417e-01 7.4630993e-01 3.0981722e-01 4.1361592e-03 -5.9972526e-03
2.4000000e+26 4.6709742e-01 7.5136306e-01 3.0805550e-01 4.1131258e-03 -5.6915750e-03
3.8037437e+26 4.6616625e-01 7.5652038e-01 3.0630465e-01 4.0903249e-03 -5.3805648e-03
6.0285274e+26 4.6524060e-01 7.6178553e-01 3.0456434e-01 4.0677517e-03 -5.0641656e-03
9.5545721e+26 4.6432042e-01 7.6716234e-01 3.0283426e-01 4.0454015e-03 -4.7423109e-03
1.5142976e+27 4.6340567e-01 7.7265480e-01 3.0111409e-01 4.0232695e-03 -4.4149239e-03
2.4000000e+27 4.6249627e-01 7.7826714e-01 2.9940350e-01 4.0013513e-03 -4.0819169e-03
3.8037437e+27 4.6159219e-01 7.8400378e-01 2.9770219e-01 3.9796424e-03 -3.7431910e-03
6.0285274e+27 4.6069338e-01 7.8986940e-01 2.9600982e-01 3.9581385e-03 -3.3986354e-03
9.5545721e+27 4.5979978e-01 7.9586891e-01 2.9432608e-01 3.9368350e-03 -3.0481271e-03
1.5142976e+28 4.5891134e-01 8.0200750e-01 2.9265066e-01 3.9157279e-03 -2.6915298e-03
2.4000000e+28 4.5802802e-01 8.0829062e-01 2.9098322e-01 3.8948129e-03 -2.3286935e-03
3.8037437e+28 4.5714976e-01 8.1472406e-01 2.8932345e-01 3.8740858e-03 -1.9594539e-03
6.0285274e+28 4.5627652e-01 8.2131392e-01 2.8767102e-01 3.8535426e-03 -1.5836310e-03
9.5545721e+28 4.5540826e-01 8.2806665e-01 2.8602560e-01 3.8331792e-03 -1.2010287e-03
1.5142976e+29 4.5454492e-01 8.3498909e-01 2.8438685e-01 3.8129915e-03 -8.1143314e-04
2.4000000e+29 4.5368647e-01 8.4208848e-01 2.8275444e-01 3.7929757e-03 -4.1461217e-04
3.8037437e+29 4.5283285e-01 8.4937250e-01 2.8112803e-01 3.7731277e-03 -1.0313596e-05
6.0285274e+29 4.5198402e-01 8.5684932e-01 2.7950727e-01 3.7534437e-03 4.0173607e-04
9.5545721e+29 4.5113994e-01 8.6452761e-01 2.7789181e-01 3.7339198e-03 8.2183325e-04
1.5142976e+30 4.5030057e-01 8.7241661e-01 2.7628128e-01 3.7145520e-03 1.2502991e-03
2.4000000e+30 4.4946585e-01 8.8052615e-01 2.7467532e-01 3.6953367e-03 1.6874812e-03
3.8037437e+30 4.4863576e-01 8.8886672e-01 2.7307355e-01 3.6762698e-03 2.1337563e-03
6.0285274e+30 4.4781025e-01 8.9744953e-01 2.7147558e-01 3.6573475e-03 2.5895322e-03
9.5545721e+30 4.4698927e-01 9.0628656e-01 2.6988102e-01 3.6385661e-03 3.0552506e-03
1.5142976e+31 4.4617280e-01 9.1539064e-01 2.6828946e-01 3.6199216e-03 3.5313903e-03
2.4000000e+31 4.4536078e-01 9.2477554e-01 2.6670047e-01 3.6014101e-03 4.0184703e-03
3.8037437e+31 4.4455318e-01 9.3445601e-01 2.6511362e-01 3.5830277e-03 4.5170540e-03
6.0285274e+31 4.4374996e-01 9.4444795e-01 2.6352845e-01 3.5647705e-03 5.0277528e-03
9.5545721e+31 4.4295109e-01 9.5476846e-01 2.6194450e-01 3.5466344e-03 5.5512315e-03
1.5142976e+32 4.4215652e-01 9.6543600e-01 2.6036127e-01 3.5286155e-03 6.0882135e-03
2.4000000e+32 4.4136621e-01 9.7647051e-01 2.5877826e-01 3.5107095e-03 6.6394867e-03
3.8037437e+32 4.4058014e-01 9.8789356e-01 2.5719492e-01 3.4929122e-03 7.2059107e-03
6.0285274e+32 4.3979826e-01 9.9972858e-01 2.5561070e-01 3.4752194e-03 7.7884245e-03
9.5545721e+32 4.3902054e-01 1.0120010e+00 2.5402500e-01 3.4576267e-03 8.3880552e-03
1.5142976e+33 4.3824695e-01 1.0247385e+00 2.5243721e-01 3.4401295e-03 9.0059289e-03
2.4000000e+33 4.3747745e-01 1.0379713e+00 2.5084667e-01 3.4227231e-03 9.6432815e-03
3.8037437e+33 4.3671200e-01 1.0517324e+00 2.4925267e-01 3.4054027e-03 1.0301473e-02
6.0285274e+33 4.3595058e-01 1.0660582e+00 2.4765449e-01 3.3881632e-03 1.0982002e-02
9.5545721e+33 4.3519315e-01 1.0809882e+00 2.4605133e-01 3.3709995e-03 1.1686525e-02
1.5142976e+34 4.3443967e-01 1.0965665e+00 2.4444234e-01 3.3539059e-03 1.2416876e-02
2.4000000e+34 4.3369012e-01 1.1128414e+00 2.4282663e-01 3.3368768e-03 1.3175090e-02
3.8037437e+34 4.3294447e-01 1.1298667e+00 2.4120322e-01 3.3199060e-03 1.3963434e-02
6.0285274e+34 4.3220268e-01 1.1477019e+00 2.3957107e-01 3.3029870e-03 1.4784438e-02
9.5545721e+34 4.3146473e-01 1.1664137e+00 2.3792903e-01 3.2861130e-03 1.5640936e-02
1.5142976e+35 4.3073058e-01 1.1860764e+00 2.3627588e-01 3.2692766e-03 1.6536109e-02
2.4000000e+35 4.3000021e-01 1.2067738e+00 2.3461028e-01 3.2524698e-03 1.7473545e-02
3.8037437e+35 4.2927359e-01 1.2286003e+00 2.3293075e-01 3.2356840e-03 1.8457301e-02
6.0285274e+35 4.2855069e-01 1.2516626e+00 2.3123568e-01 3.2189100e-03 1.9491986e-02
9.5545721e+35 4.2783149e-01 1.2760825e+00 2.2952329e-01 3.2021374e-03 2.0582856e-02
1.5142976e+36 4.2711595e-01 1.3019990e+00 2.2779161e-01 3.1853552e-03 2.1735930e-02
2.4000000e+36 4.2640406e-01 1.3295723e+00 2.2603844e-01 3.1685507e-03 2.2958133e-02
3.8037437e+36 4.2569580e-01 1.3589875e+00 2.2426134e-01 3.1517103e-03 2.4257474e-02
6.0285274e+36 4.2499113e-01 1.3904600e+00 2.2245754e-01 3.1348182e-03 2.5643264e-02
9.5545721e+36 4.2429004e-01 1.4242426e+00 2.2062393e-01 3.1178570e-03 2.7126386e-02
1.5142976e+37 4.2359250e-01 1.4606336e+00 2.1875695e-01 3.1008066e-03 2.8719640e-02
2.4000000e+37 4.2289851e-01 1.4999888e+00 2.1685256e-01 3.0836440e-03 3.0438168e-02
3.8037437e+37 4.2220804e-01 1.5427358e+00 2.1490606e-01 3.0663425e-03 3.2300010e-02
6.0285274e+37 4.2152108e-01 1.5893941e+00 2.1291202e-01 3.0488707e-03 3.4326794e-02
9.5545721e+37 4.2083762e-01 1.6406025e+00 2.1086407e-01 3.0311915e-03 3.6544637e-02
1.5142976e+38 4.2015764e-01 1.6971566e+00 2.0875467e-01 3.0132605e-03 3.8985283e-02
2.4000000e+38 4.1948116e-01 1.7600622e+00 2.0657482e-01 2.9950235e-03 4.1687557e-02
3.8037437e+38 4.1880816e-01 1.8306131e+00 2.0431362e-01 2.9764136e-03 4.4699154e-02
6.0285274e+38 4.1813866e-01 1.9105061e+00 2.0195776e-01 2.9573467e-03 4.8078740e-02
9.5545721e+38 4.1747268e-01 2.0020197e+00 1.9949070e-01 2.9377147e-03 5.1898037e-02
1.5142976e+39 4.1681024e-01 2.1082989e+00 1.9689161e-01 2.9173753e-03 5.6242793e-02
2.4000000e+39 4.1615138e-01 2.2338321e+00 1.9413379e-01 2.8961357e-03 6.1209108e-02
3.8037437e+39 4.1549619e-01 2.3852943e+00 1.9118249e-01 2.8737245e-03 6.6884182e-02
6.0285274e+39 4.1484477e-01 2.5731450e+00 1.8799183e-01 2.8497424e-03 7.3275576e-02
9.5545721e+39 4.1419727e-01 2.8149293e+00 1.8450149e-01 2.8235642e-03 8.0059317e-02
1.5142976e+40 4.1355392e-01 3.1429481e+00 1.8063700e-01 2.7941270e-03 8.5600185e-02

[DATASET] (1.2509000e+02 1.7250000e+02)
2.4000000e+02 6.4587421e-01 4.6294037e-01 9.1516759e-01 1.5217727e-02 1.1963622e-01
3.8037437e+02 6.4348767e-01 4.6415404e-01 8.9275380e-01 1.4738813e-02 1.1149972e-01
6.0285274e+02 6.4112341e-01 4.6537626e-01 8.7200958e-01 1.4298633e-02 1.0404507e-01
9.5545721e+02 6.3878146e-01 4.6660723e-01 8.5272438e-01 1.3892163e-02 9.7184601e-02
1.5142976e+03 6.3646181e-01 4.6784717e-01 8.3472358e-01 1.3515252e-02 9.0846313e-02
2.4000000e+03 6.3416439e-01 4.6909625e-01 8.1786093e-01 1.3164435e-02 8.4970376e-02
3.8037437e+03 6.3188909e-01 4.7035466e-01 8.0201287e-01 1.2836791e-02 7.9506588e-02
6.0285274e+03 6.2963575e-01 4.7162258e-01 7.8707414e-01 1.2529842e-02 7.4412444e-02
9.5545721e+03 6.2740422e-01 4.7290020e-01 7.7295443e-01 1.2241467e-02 6.9651653e-02
1.5142976e+04 6.2519429e-01 4.7418768e-01 7.5957574e-01 1.1969837e-02 6.5192999e-02
2.4000000e+04 6.2300576e-01 4.7548519e-01 7.4687027e-01 1.1713372e-02 6.1009439e-02
3.8037437e+04 6.2083840e-01 4.7679292e-01 7.3477879e-01 1.1470689e-02 5.7077392e-02
6.0285274e+04 6.1869198e-01 4.7811102e-01 7.2324924e-01 1.1240580e-02 5.3376176e-02
9.5545721e+04 6.1656627e-01 4.7943967e-01 7.1223568e-01 1.1021981e-02 4.9887549e-02
1.5142976e+05 6.1446100e-01 4.8077905e-01 7.0169736e-01 1.0813949e-02 4.6595338e-02
2.4000000e+05 6.1237595e-01 4.8212932e-01 6.9159802e-01 1.0615648e-02 4.3485131e-02
3.8037437e+05 6.1031084e-01 4.8349066e-01 6.8190523e-01 1.0426332e-02 4.0544032e-02
6.0285274e+05 6.0826543e-01 4.8486324e-01 6.7258989e-01 1.0245334e-02 3.7760452e-02
9.5545721e+05 6.0623946e-01 4.8624725e-01 6.6362581e-01 1.0072053e-02 3.5123931e-02
1.5142976e+06 6.0423267e-01 4.8764286e-01 6.5498934e-01 9.9059492e-03 3.2624998e-02
2.4000000e+06 6.0224481e-01 4.8905025e-01 6.4665906e-01 9.7465343e-03 3.0255043e-02
3.8037437e+06 6.0027563e-01 4.9046961e-01 6.3861549e-01 9.5933655e-03 2.8006216e-02
6.0285274e+06 5.9832487e-01 4.9190112e-01 6.3084092e-01 9.4460401e-03 2.5871338e-02
9.5545721e+06 5.9639228e-01 4.9334497e-01 6.2331914e-01 9.3041914e-03 2.3843820e-02
1.5142976e+07 5.9447761e-01 4.9480136e-01 6.1603532e-01 9.1674844e-03 2.1917605e-02
2.4000000e+07 5.9258061e-01 4.9627048e-01 6.0897587e-01 9.0356121e-03 2.0087105e-02
3.8037437e+07 5.9070105e-01 4.9775253e-01 6.0212828e-01 8.9082930e-03 1.8347154e-02
6.0285274e+07 5.8883868e-01 4.9924772e-01 5.9548102e-01 8.7852681e-03 1.6692966e-02
9.5545721e+07 5.8699326e-01 5.0075624e-01 5.8902345e-01 8.6662987e-03 1.5120097e-02
1.5142976e+08 5.8516457e-01 5.0227832e-01 5.8274572e-01 8.5511646e-03 1.3624411e-02
2.4000000e+08 5.8335236e-01 5.0381416e-01 5.7663870e-01 8.4396619e-03 1.2202053e-02
3.8037437e+08 5.8155641e-01 5.0536398e-01 5.7069393e-01 8.3316018e-03 1.0849423e-02
6.0285274e+08 5.7977650e-01 5.0692800e-01 5.6490352e-01 8.2268091e-03 9.5631520e-03
9.5545721e+08 5.7801240e-01 5.0850646e-01 5.5926014e-01 8.1251208e-03 8.3400849e-03
1.5142976e+09 5.7626389e-01 5.1009958e-01 5.5375695e-01 8.0263853e-03 7.1772597e-03
2.4000000e+09 5.7453077e-01 5.1170760e-01 5.4838755e-01 7.9304611e-03 6.0718932e-03
3.8037437e+09 5.7281281e-01 5.1333076e-01 5.4314596e-01 7.8372163e-03 5.0213664e-03
6.0285274e+09 5.7110982e-01 5.1496930e-01 5.3802658e-01 7.7465273e-03 4.0232117e-03
9.5545721e+09 5.6942158e-01 5.1662348e-01 5.3302416e-01 7.6582785e-03 3.0751012e-03
1.5142976e+10 5.6774790e-01 5.1829356e-01 5.2813375e-01 7.5723617e-03 2.1748367e-03
2.4000000e+10 5.6608858e-01 5.1997980e-01 5.2335072e-01 7.4886751e-03 1.3203398e-03
3.8037437e+10 5.6444342e-01 5.2168246e-01 5.1867070e-01 7.4071232e-03 5.0964386e-04
6.0285274e+10 5.6281223e-01 5.2340182e-01 5.1408957e-01 7.3276162e-03 -2.5911401e-04
9.5545721e+10 5.6119483e-01 5.2513816e-01 5.0960346e-01 7.2500694e-03 -9.8769993e-04
1.5142976e+11 5.5959102e-01 5.2689177e-01 5.0520869e-01 7.1744030e-03 -1.6777897e-03
2.4000000e+11 5.5800062e-01 5.2866294e-01 5.0090179e-01 7.1005418e-03 -2.3309746e-03
3.8037437e+11 5.5642347e-01 5.3045197e-01 4.9667948e-01 7.0284147e-03 -2.9487668e-03
6.0285274e+11 5.5485937e-01 5.3225917e-01 4.9253865e-01 6.9579544e-03 -3.5326044e-03
9.5545721e+11 5.5330816e-01 5.3408485e-01 4.8847637e-01 6.8890973e-03 -4.0838557e-03
1.5142976e+12 5.5176967e-01 5.3592934e-01 4.8448982e-01 6.8217832e-03 -4.6038237e-03
2.4000000e+12 5.5024373e-01 5.3779296e-01 4.8057636e-01 6.7559550e-03 -5.0937498e-03
3.8037437e+12 5.4873018e-01 5.3967605e-01 4.7673346e-01 6.6915585e-03 -5.5548171e-03
6.0285274e+12 5.4722885e-01 5.4157896e-01 4.7295871e-01 6.6285423e-03 -5.9881543e-03
9.5545721e+12 5.4573958e-01 5.4350204e-01 4.6924984e-01 6.5668574e-03 -6.3948382e-03
1.5142976e+13 5.4426223e-01 5.4544566e-01 4.6560465e-01 6.5064574e-03 -6.7758966e-03
2.4000000e+13 5.4279663e-01 5.4741018e-01 4.6202108e-01 6.4472980e-03 -7.1323114e-03
3.8037437e+13 5.4134263e-01 5.4939599e-01 4.5849714e-01 6.3893371e-03 -7.4650204e-03
6.0285274e+13 5.3990009e-01 5.5140347e-01 4.5503094e-01 6.3325345e-03 -7.7749199e-03
9.5545721e+13 5.3846887e-01 5.5343304e-01 4.5162066e-01 6.2768519e-03 -8.0628671e-03
1.5142976e+14 5.3704881e-01 5.5548510e-01 4.4826457e-01 6.2222528e-03 -8.3296814e-03
2.4000000e+14 5.3563977e-01 5.5756007e-01 4.4496103e-01 6.1687023e-03 -8.5761470e-03
3.8037437e+14 5.3424162e-01 5.5965839e-01 4.4170844e-01 6.1161670e-03 -8.8030140e-03
6.0285274e+14 5.3285423e-01 5.6178050e-01 4.3850528e-01 6.0646151e-03 -9.0110007e-03
9.5545721e+14 5.3147745e-01 5.6392686e-01 4.3535010e-01 6.0140160e-03 -9.2007943e-03
1.5142976e+15 5.3011115e-01 5.6609793e-01 4.3224150e-01 5.9643405e-03 -9.3730533e-03
2.4000000e+15 5.2875521e-01 5.6829420e-01 4.2917814e-01 5.9155606e-03 -9.5284079e-03
3.8037437e+15 5.2740950e-01 5.7051616e-01 4.2615873e-01 5.8676497e-03 -9.6674621e-03
6.0285274e+15 5.2607390e-01 5.7276432e-01 4.2318203e-01 5.8205818e-03 -9.7907941e-03
9.5545721e+15 5.2474827e-01 5.7503920e-01 4.2024685e-01 5.7743325e-03 -9.8989583e-03
1.5142976e+16 5.2343250e-01 5.7734134e-01 4.1735204e-01 5.7288781e-03 -9.9924856e-03
2.4000000e+16 5.2212647e-01 5.7967129e-01 4.1449651e-01 5.6841957e-03 -1.0071885e-02
3.8037437e+16 5.2083006e-01 5.8202962e-01 4.1167918e-01 5.6402636e-03 -1.0137643e-02
6.0285274e+16 5.1954315e-01 5.8441691e-01 4.0889904e-01 5.5970608e-03 -1.0190229e-02
9.5545721e+16 5.1826564e-01 5.8683376e-01 4.0615510e-01 5.5545671e-03 -1.0230088e-02
1.5142976e+17 5.1699741e-01 5.8928080e-01 4.0344641e-01 5.5127631e-03 -1.0257651e-02
2.4000000e+17 5.1573835e-01 5.9175864e-01 4.0077204e-01 5.4716301e-03 -1.0273328e-02
3.8037437e+17 5.1448835e-01 5.9426796e-01 3.9813111e-01 5.4311501e-03 -1.0277513e-02
6.0285274e+17 5.1324731e-01 5.9680943e-01 3.9552276e-01 5.3913056e-03 -1.0270583e-02
9.5545721e+17 5.1201512e-01 5.9938374e-01 3.9294616e-01 5.3520801e-03 -1.0252899e-02
1.5142976e+18 5.1079167e-01 6.0199160e-01 3.9040051e-01 5.3134574e-03 -1.0224808e-02
2.4000000e+18 5.0957688e-01 6.0463377e-01 3.8788504e-01 5.2754219e-03 -1.0186641e-02
3.8037437e+18 5.0837063e-01 6.0731099e-01 3.8539900e-01 5.2379587e-03 -1.0138714e-02
6.0285274e+18 5.0717283e-01 6.1002405e-01 3.8294165e-01 5.2010531e-03 -1.0081330e-02
9.5545721e+18 5.0598338e-01 6.1277376e-01 3.8051229e-01 5.1646913e-03 -1.0014781e-02
1.5142976e+19 5.0480219e-01 6.1556097e-01 3.7811024e-01 5.1288597e-03 -9.9393428e-03
2.4000000e+19 5.0362916e-01 6.1838652e-01 3.7573483e-01 5.0935452e-03 -9.8552806e-03
3.8037437e+19 5.0246421e-01 6.2125132e-01 3.7338543e-01 5.0587352e-03 -9.7628476e-03
6.0285274e+19 5.0130723e-01 6.2415627e-01 3.7106140e-01 5.0244175e-03 -9.6622854e-03
9.5545721e+19 5.0015814e-01 6.2710234e-01 3.6876215e-01 4.9905802e-03 -9.5538243e-03
1.5142976e+20 4.9901686e-01 6.3009050e-01 3.6648708e-01 4.9572118e-03 -9.4376838e-03
2.4000000e+20 4.9788329e-01 6.3312177e-01 3.6423561e-01 4.9243014e-03 -9.3140732e-03
3.8037437e+20 4.9675735e-01 6.3619719e-01 3.6200720e-01 4.8918380e-03 -9.1831913e-03
6.0285274e+20 4.9563896e-01 6.3931786e-01 3.5980130e-01 4.8598114e-03 -9.0452270e-03
9.5545721e+20 4.9452803e-01 6.4248489e-01 3.5761737e-01 4.8282114e-03 -8.9003599e-03
1.5142976e+21 4.9342448e-01 6.4569946e-01 3.5545491e-01 4.7970282e-03 -8.7487598e-03
2.4000000e+21 4.9232823e-01 6.4896275e-01 3.5331342e-01 4.7662524e-03 -8.5905877e-03
3.8037437e+21 4.9123921e-01 6.5227603e-01 3.5119240e-01 4.7358746e-03 -8.4259955e-03
6.0285274e+21 4.9015733e-01 6.5564058e-01 3.4909137e-01 4.7058861e-03 -8.2551263e-03
9.5545721e+21 4.8908252e-01 6.5905774e-01 3.4700987e-01 4.6762780e-03 -8.0781148e-03
1.5142976e+22 4.8801470e-01 6.6252890e-01 3.4494745e-01 4.6470419e-03 -7.8950873e-03
2.4000000e+22 4.8695379e-01 6.6605550e-01 3.4290366e-01 4.6181696e-03 -7.7061618e-03
3.8037437e+22 4.8589973e-01 6.6963904e-01 3.4087807e-01 4.5896533e-03 -7.5114482e-03
6.0285274e+22 4.8485245e-01 6.7328107e-01 3.3887024e-01 4.5614850e-03 -7.3110486e-03
9.5545721e+22 4.8381186e-01 6.7698320e-01 3.3687976e-01 4.5336572e-03 -7.1050570e-03
1.5142976e+23 4.8277790e-01 6.8074710e-01 3.3490622e-01 4.5061627e-03 -6.8935597e-03
2.4000000e+23 4.8175050e-01 6.8457452e-01 3.3294923e-01 4.4789942e-03 -6.6766354e-03
3.8037437e+23 4.8072960e-01 6.8846728e-01 3.3100839e-01 4.4521449e-03 -6.4543550e-03
6.0285274e+23 4.7971512e-01 6.9242724e-01 3.2908331e-01 4.4256078e-03 -6.2267819e-03
9.5545721e+23 4.7870700e-01 6.9645637e-01 3.2717361e-01 4.3993765e-03 -5.9939718e-03
1.5142976e+24 4.7770517e-01 7.0055672e-01 3.2527893e-01 4.3734444e-03 -5.7559730e-03
2.4000000e+24 4.7670957e-01 7.0473041e-01 3.2339889e-01 4.3478054e-03 -5.5128260e-03
3.8037437e+24 4.7572014e-01 7.0897966e-01 3.2153314e-01 4.3224532e-03 -5.2645638e-03
6.0285274e+24 4.7473681e-01 7.1330678e-01 3.1968132e-01 4.2973818e-03 -5.0112117e-03
9.5545721e+24 4.7375952e-01 7.1771419e-01 3.1784308e-01 4.2725855e-03 -4.7527874e-03
1.5142976e+25 4.7278821e-01 7.2220440e-01 3.1601807e-01 4.2480586e-03 -4.4893004e-03
2.4000000e+25 4.7182282e-01 7.2678004e-01 3.1420596e-01 4.2237954e-03 -4.2207527e-03
3.8037437e+25 4.7086329e-01 7.3144386e-01 3.1240641e-01 4.1997904e-03 -3.9471381e-03
6.0285274e+25 4.6990957e-01 7.3619874e-01 3.1061907e-01 4.1760385e-03 -3.6684419e-03
9.5545721e+25 4.6896159e-01 7.4104769e-01 3.0884363e-01 4.1525343e-03 -3.3846413e-03
1.5142976e+26 4.6801930e-01 7.4599385e-01 3.0707976e-01 4.1292727e-03 -3.0957049e-03
2.4000000e+26 4.6708265e-01 7.5104052e-01 3.0532712e-01 4.1062488e-03 -2.8015922e-03
3.8037437e+26 4.6615157e-01 7.5619116e-01 3.0358540e-01 4.0834575e-03 -2.5022536e-03
6.0285274e+26 4.6522601e-01 7.6144940e-01 3.0185428e-01 4.0608942e-03 -2.1976304e-03
9.5545721e+26 4.6430593e-01 7.6681905e-01 3.0013343e-01 4.0385541e-03 -1.8876536e-03
1.5142976e+27 4.6339126e-01 7.7230410e-01 2.9842255e-01 4.0164326e-03 -1.5722445e-03
2.4000000e+27 4.6248195e-01 7.7790874e-01 2.9672130e-01 3.9945251e-03 -1.2513135e-03
3.8037437e+27 4.6157796e-01 7.8363742e-01 2.9502938e-01 3.9728270e-03 -9.2476002e-04
6.0285274e+27 4.6067923e-01 7.8949476e-01 2.9334646e-01 3.9513342e-03 -5.9247198e-04
9.5545721e+27 4.5978572e-01 7.9548568e-01 2.9167223e-01 3.9300421e-03 -2.5432505e-04
1.5142976e+28 4.5889736e-01 8.0161533e-01 2.9000637e-01 3.9089466e-03 8.9817890e-05
2.4000000e+28 4.5801412e-01 8.0788917e-01 2.8834856e-01 3.8880434e-03 4.4010748e-04
3.8037437e+28 4.5713595e-01 8.1431296e-01 2.8669847e-01 3.8673284e-03 7.9670863e-04
6.0285274e+28 4.5626279e-01 8.2089276e-01 2.8505579e-01 3.8467975e-03 1.1598014e-03
9.5545721e+28 4.5539461e-01 8.2763502e-01 2.8342018e-01 3.8264466e-03 1.5295821e-03
1.5142976e+29 4.5453135e-01 8.3454655e-01 2.8179132e-01 3.8062717e-03 1.9062639e-03
2.4000000e+29 4.5367298e-01 8.4163455e-01 2.8016886e-01 3.7862689e-03 2.2900786e-03
3.8037437e+29 4.5281944e-01 8.4890670e-01 2.7855248e-01 3.7664342e-03 2.6812775e-03
6.0285274e+29 4.5197069e-01 8.5637111e-01 2.7694181e-01 3.7467637e-03 3.0801328e-03
9.5545721e+29 4.5112668e-01 8.6403643e-01 2.7533652e-01 3.7272535e-03 3.4869395e-03
1.5142976e+30 4.5028739e-01 8.7191185e-01 2.7373625e-01 3.7078998e-03 3.9020169e-03
2.4000000e+30 4.4945275e-01 8.8000718e-01 2.7214062e-01 3.6886987e-03 4.3257105e-03
3.8037437e+30 4.4862273e-01 8.8833285e-01 2.7054927e-01 3.6696464e-03 4.7583944e-03
6.0285274e+30 4.4779729e-01 8.9690004e-01 2.6896182e-01 3.6507389e-03 5.2004734e-03
9.5545721e+30 4.4697639e-01 9.0572067e-01 2.6737786e-01 3.6319725e-03 5.6523860e-03
1.5142976e+31 4.4615999e-01 9.1480752e-01 2.6579699e-01 3.6133433e-03 6.1146069e-03
2.4000000e+31 4.4534804e-01 9.2417428e-01 2.6421880e-01 3.5948475e-03 6.5876511e-03
3.8037437e+31 4.4454051e-01 9.3383565e-01 2.6264285e-01 3.5764810e-03 7.0720769e-03
6.0285274e+31 4.4373737e-01 9.4380746e-01 2.6106869e-01 3.5582399e-03 7.5684904e-03
9.5545721e+31 4.4293856e-01 9.5410672e-01 2.5949585e-01 3.5401203e-03 8.0775504e-03
1.5142976e+32 4.4214406e-01 9.6475180e-01 2.5792386e-01 3.5221182e-03 8.5999734e-03
2.4000000e+32 4.4135382e-01 9.7576254e-01 2.5635221e-01 3.5042293e-03 9.1365398e-03
3.8037437e+32 4.4056781e-01 9.8716042e-01 2.5478036e-01 3.4864495e-03 9.6881010e-03
6.0285274e+32 4.3978600e-01 9.9896873e-01 2.5320776e-01 3.4687745e-03 1.0255586e-02
9.5545721e+32 4.3900835e-01 1.0112128e+00 2.5163384e-01 3.4511999e-03 1.0840013e-02
1.5142976e+33 4.3823482e-01 1.0239201e+00 2.5005797e-01 3.4337212e-03 1.1442496e-02
2.4000000e+33 4.3746539e-01 1.0371207e+00 2.4847950e-01 3.4163337e-03 1.2064258e-02
3.8037437e+33 4.3670000e-01 1.0508475e+00 2.4689775e-01 3.3990327e-03 1.2706644e-02
6.0285274e+33 4.3593864e-01 1.0651364e+00 2.4531199e-01 3.3818130e-03 1.3371138e-02
9.5545721e+33 4.3518127e-01 1.0800271e+00 2.4372143e-01 3.3646694e-03 1.4059379e-02
1.5142976e+34 4.3442786e-01 1.0955632e+00 2.4212525e-01 3.3475966e-03 1.4773180e-02
2.4000000e+34 4.3367837e-01 1.1117926e+00 2.4052256e-01 3.3305887e-03 1.5514555e-02
3.8037437e+34 4.3293278e-01 1.1287689e+00 2.3891240e-01 3.3136396e-03 1.6285745e-02
6.0285274e+34 4.3219105e-01 1.1465511e+00 2.3729372e-01 3.2967430e-03 1.7089253e-02
9.5545721e+34 4.3145316e-01 1.1652055e+00 2.3566543e-01 3.2798919e-03 1.7927879e-02
1.5142976e+35 4.3071907e-01 1.1848059e+00 2.3402629e-01 3.2630792e-03 1.8804770e-02
2.4000000e+35 4.2998875e-01 1.2054354e+00 2.3237500e-01 3.2462967e-03 1.9723471e-02
3.8037437e+35 4.2926219e-01 1.2271876e+00 2.3071009e-01 3.2295361e-03 2.0687992e-02
6.0285274e+35 4.2853934e-01 1.2501686e+00 2.2902999e-01 3.2127881e-03 2.1702889e-02
9.5545721e+35 4.2782019e-01 1.2744989e+00 2.2733295e-01 3.1960425e-03 2.2773352e-02
1.5142976e+36 4.2710471e-01 1.3003166e+00 2.2561702e-01 3.1792882e-03 2.3905328e-02
2.4000000e+36 4.2639288e-01 1.3277803e+00 2.2388005e-01 3.1625129e-03 2.5105657e-02
3.8037437e+36 4.2568466e-01 1.3570733e+00 2.2211963e-01 3.1457028e-03 2.6382246e-02
6.0285274e+36 4.2498004e-01 1.3884090e+00 2.2033304e-01 3.1288425e-03 2.7744287e-02
9.5545721e+36 4.2427900e-01 1.4220376e+00 2.1851723e-01 3.1119148e-03 2.9202521e-02
1.5142976e+37 4.2358152e-01 1.4582543e+00 2.1666871e-01 3.0948996e-03 3.0769576e-02
2.4000000e+37 4.2288757e-01 1.4974108e+00 2.1478351e-01 3.0777743e-03 3.2460389e-02
3.8037437e+37 4.2219715e-01 1.5399296e+00 2.1285702e-01 3.0605125e-03 3.4292748e-02
6.0285274e+37 4.2151023e-01 1.5863237e+00 2.1088393e-01 3.0430832e-03 3.6287975e-02
9.5545721e+37 4.2082681e-01 1.6372236e+00 2.0885799e-01 3.0254498e-03 3.8471805e-02
1.5142976e+38 4.2014688e-01 1.6934134e+00 2.0677181e-01 3.0075685e-03 4.0875513e-02
2.4000000e+38 4.1947044e-01 1.7558838e+00 2.0461659e-01 2.9893859e-03 4.3537338e-02
3.8037437e+38 4.1879748e-01 1.8259074e+00 2.0238169e-01 2.9708362e-03 4.6504250e-02
6.0285274e+38 4.1812801e-01 1.9051512e+00 2.0005409e-01 2.9518367e-03 4.9834038e-02
9.5545721e+38 4.1746205e-01 1.9958501e+00 1.9761767e-01 2.9322814e-03 5.3597404e-02
1.5142976e+39 4.1679964e-01 2.1010829e+00 1.9505210e-01 2.9120308e-03 5.7879073e-02
2.4000000e+39 4.1614081e-01 2.2252335e+00 1.9233141e-01 2.8908965e-03 6.2774607e-02
3.8037437e+39 4.1548563e-01 2.3748029e+00 1.8942175e-01 2.8686139e-03 6.8372782e-02
6.0285274e+39 4.1483421e-01 2.5599401e+00 1.8627855e-01 2.8447946e-03 7.4690298e-02
9.5545721e+39 4.1418670e-01 2.7975858e+00 1.8284306e-01 2.8188336e-03 8.1439772e-02
1.5142976e+40 4.1354331e-01 3.1187156e+00 1.7904220e-01 2.7897086e-03 8.7134990e-02

[DATASET] (1.2509000e+02 1.7370000e+02)
2.4000000e+02 6.4595781e-01 4.6309347e-01 9.2220276e-01 1.5217532e-02 1.1948890e-01
3.8037437e+02 6.4357025e-01 4.6430831e-01 8.9977621e-01 1.4739505e-02 1.1102676e-01
6.0285274e+02 6.4120498e-01 4.6553171e-01 8.7902023e-01 1.4300133e-02 1.0325849e-01
9.5545721e+02 6.3886205e-01 4.6676389e-01 8.5972408e-01 1.3894402e-02 9.6095630e-02
1.5142976e+03 6.3654144e-01 4.6800504e-01 8.4171301e-01 1.3518171e-02 8.9465497e-02
2.4000000e+03 6.3424308e-01 4.6925535e-01 8.2484065e-01 1.3167981e-02 8.3307712e-02
3.8037437e+03 6.3196685e-01 4.7051501e-01 8.0898333e-01 1.2840918e-02 7.7571605e-02
6.0285274e+03 6.2971261e-01 4.7178420e-01 7.9403570e-01 1.2534508e-02 7.2214270e-02
9.5545721e+03 6.2748018e-01 4.7306309e-01 7.7990739e-01 1.2246635e-02 6.7199071e-02
1.5142976e+04 6.2526938e-01 4.7435187e-01 7.6652032e-01 1.1975474e-02 6.2494483e-02
2.4000000e+04 6.2307999e-01 4.7565071e-01 7.5380666e-01 1.1719447e-02 5.8073190e-02
3.8037437e+04 6.2091179e-01 4.7695976e-01 7.4170712e-01 1.1477176e-02 5.3911367e-02
6.0285274e+04 6.1876455e-01 4.7827922e-01 7.3016960e-01 1.1247454e-02 4.9988104e-02
9.5545721e+04 6.1663802e-01 4.7960925e-01 7.1914813e-01 1.1029218e-02 4.6284952e-02
1.5142976e+05 6.1453196e-01 4.8095002e-01 7.0860194e-01 1.0821529e-02 4.2785540e-02
2.4000000e+05 6.1244612e-01 4.8230170e-01 6.9849474e-01 1.0623552e-02 3.9475274e-02
3.8037437e+05 6.1038025e-01 4.8366447e-01 6.8879407e-01 1.0434542e-02 3.6341083e-02
6.0285274e+05 6.0833408e-01 4.8503851e-01 6.7947082e-01 1.0253833e-02 3.3371208e-02
9.5545721e+05 6.0630737e-01 4.8642399e-01 6.7049879e-01 1.0080826e-02 3.0555029e-02
1.5142976e+06 6.0429986e-01 4.8782109e-01 6.6185431e-01 9.9149826e-03 2.7882915e-02
2.4000000e+06 6.0231128e-01 4.8923000e-01 6.5351595e-01 9.7558148e-03 2.5346105e-02
3.8037437e+06 6.0034140e-01 4.9065089e-01 6.4546422e-01 9.6028806e-03 2.2936598e-02
6.0285274e+06 5.9838994e-01 4.9208397e-01 6.3768139e-01 9.4557784e-03 2.0647069e-02
9.5545721e+06 5.9645667e-01 4.9352941e-01 6.3015126e-01 9.3141422e-03 1.8470786e-02
1.5142976e+07 5.9454134e-01 4.9498740e-01 6.2285899e-01 9.1776374e-03 1.6401548e-02
2.4000000e+07 5.9264368e-01 4.9645816e-01 6.1579099e-01 9.0459580e-03 1.4433629e-02
3.8037437e+07 5.9076348e-01 4.9794187e-01 6.0893472e-01 8.9188228e-03 1.2561725e-02
6.0285274e+07 5.8890047e-01 4.9943873e-01 6.0227867e-01 8.7959733e-03 1.0780915e-02
9.5545721e+07 5.8705443e-01 5.0094896e-01 5.9581218e-01 8.6771715e-03 9.0866204e-03
1.5142976e+08 5.8522512e-01 5.0247277e-01 5.8952542e-01 8.5621973e-03 7.4745738e-03
2.4000000e+08 5.8341231e-01 5.0401037e-01 5.8340924e-01 8.4508475e-03 5.9407898e-03
3.8037437e+08 5.8161576e-01 5.0556198e-01 5.7745518e-01 8.3429335e-03 4.4815398e-03
6.0285274e+08 5.7983526e-01 5.0712782e-01 5.7165536e-01 8.2382805e-03 3.0933289e-03
9.5545721e+08 5.7807059e-01 5.0870812e-01 5.6600244e-01 8.1367259e-03 1.7728762e-03
1.5142976e+09 5.7632152e-01 5.1030311e-01 5.6048958e-01 8.0381182e-03 5.1709730e-04
2.4000000e+09 5.7458784e-01 5.1191303e-01 5.5511037e-01 7.9423164e-03 -6.7691224e-04
3.8037437e+09 5.7286933e-01 5.1353812e-01 5.4985885e-01 7.8491887e-03 -1.8118906e-03
6.0285274e+09 5.7116580e-01 5.1517863e-01 5.4472941e-01 7.7586118e-03 -2.8904227e-03
9.5545721e+09 5.6947703e-01 5.1683481e-01 5.3971679e-01 7.6704704e-03 -3.9149516e-03
1.5142976e+10 5.6780283e-01 5.1850691e-01 5.3481607e-01 7.5846564e-03 -4.8877888e-03
2.4000000e+10 5.6614299e-01 5.2019521e-01 5.3002259e-01 7.5010683e-03 -5.8111239e-03
3.8037437e+10 5.6449732e-01 5.2189997e-01 5.2533199e-01 7.4196107e-03 -6.6870327e-03
6.0285274e+10 5.6286564e-01 5.2362146e-01 5.2074016e-01 7.3401939e-03 -7.5174851e-03
9.5545721e+10 5.6124774e-01 5.2535996e-01 5.1624322e-01 7.2627335e-03 -8.3043523e-03
1.5142976e+11 5.5964344e-01 5.2711578e-01 5.1183749e-01 7.1871500e-03 -9.0494128e-03
2.4000000e+11 5.5805257e-01 5.2888918e-01 5.0751951e-01 7.1133680e-03 -9.7543586e-03
3.8037437e+11 5.5647495e-01 5.3068049e-01 5.0328600e-01 7.0413168e-03 -1.0420801e-02
6.0285274e+11 5.5491039e-01 5.3249001e-01 4.9913385e-01 6.9709291e-03 -1.1050273e-02
9.5545721e+11 5.5335872e-01 5.3431805e-01 4.9506011e-01 6.9021416e-03 -1.1644238e-02
1.5142976e+12 5.5181978e-01 5.3616493e-01 4.9106200e-01 6.8348941e-03 -1.2204092e-02
2.4000000e+12 5.5029340e-01 5.3803099e-01 4.8713685e-01 6.7691296e-03 -1.2731165e-02
3.8037437e+12 5.4877941e-01 5.3991656e-01 4.8328215e-01 6.7047940e-03 -1.3226728e-02
6.0285274e+12 5.4727765e-01 5.4182200e-01 4.7949549e-01 6.6418359e-03 -1.3691996e-02
9.5545721e+12 5.4578796e-01 5.4374765e-01 4.7577458e-01 6.5802067e-03 -1.4128129e-02
1.5142976e+13 5.4431018e-01 5.4569388e-01 4.7211725e-01 6.5198598e-03 -1.4536237e-02
2.4000000e+13 5.4284417e-01 5.4766107e-01 4.6852142e-01 6.4607511e-03 -1.4917379e-02
3.8037437e+13 5.4138977e-01 5.4964959e-01 4.6498510e-01 6.4028387e-03 -1.5272573e-02
6.0285274e+13 5.3994683e-01 5.5165984e-01 4.6150642e-01 6.3460823e-03 -1.5602789e-02
9.5545721e+13 5.3851520e-01 5.5369222e-01 4.5808355e-01 6.2904437e-03 -1.5908957e-02
1.5142976e+14 5.3709475e-01 5.5574715e-01 4.5471477e-01 6.2358866e-03 -1.6191969e-02
2.4000000e+14 5.3568533e-01 5.5782504e-01 4.5139843e-01 6.1823760e-03 -1.6452678e-02
3.8037437e+14 5.3428680e-01 5.5992633e-01 4.4813293e-01 6.1298787e-03 -1.6691902e-02
6.0285274e+14 5.3289903e-01 5.6205148e-01 4.4491676e-01 6.0783628e-03 -1.6910423e-02
9.5545721e+14 5.3152189e-01 5.6420092e-01 4.4174847e-01 6.0277979e-03 -1.7108994e-02
1.5142976e+15 5.3015523e-01 5.6637515e-01 4.3862666e-01 5.9781549e-03 -1.7288334e-02
2.4000000e+15 5.2879893e-01 5.6857463e-01 4.3554998e-01 5.9294058e-03 -1.7449134e-02
3.8037437e+15 5.2745286e-01 5.7079987e-01 4.3251716e-01 5.8815240e-03 -1.7592056e-02
6.0285274e+15 5.2611691e-01 5.7305137e-01 4.2952694e-01 5.8344836e-03 -1.7717735e-02
9.5545721e+15 5.2479093e-01 5.7532966e-01 4.2657815e-01 5.7882602e-03 -1.7826779e-02
1.5142976e+16 5.2347482e-01 5.7763527e-01 4.2366964e-01 5.7428302e-03 -1.7919773e-02
2.4000000e+16 5.2216845e-01 5.7996877e-01 4.2080031e-01 5.6981708e-03 -1.7997278e-02
3.8037437e+16 5.2087171e-01 5.8233072e-01 4.1796909e-01 5.6542602e-03 -1.8059830e-02
6.0285274e+16 5.1958448e-01 5.8472170e-01 4.1517497e-01 5.6110775e-03 -1.8107946e-02
9.5545721e+16 5.1830664e-01 5.8714233e-01 4.1241695e-01 5.5686026e-03 -1.8142120e-02
1.5142976e+17 5.1703809e-01 5.8959321e-01 4.0969408e-01 5.5268160e-03 -1.8162827e-02
2.4000000e+17 5.1577872e-01 5.9207499e-01 4.0700545e-01 5.4856992e-03 -1.8170520e-02
3.8037437e+17 5.1452841e-01 5.9458833e-01 4.0435017e-01 5.4452341e-03 -1.8165638e-02
6.0285274e+17 5.1328706e-01 5.9713390e-01 4.0172739e-01 5.4054034e-03 -1.8148597e-02
9.5545721e+17 5.1205457e-01 5.9971240e-01 3.9913627e-01 5.3661905e-03 -1.8119800e-02
1.5142976e+18 5.1083083e-01 6.0232454e-01 3.9657601e-01 5.3275792e-03 -1.8079631e-02
2.4000000e+18 5.0961573e-01 6.0497109e-01 3.9404584e-01 5.2895540e-03 -1.8028458e-02
3.8037437e+18 5.0840919e-01 6.0765278e-01 3.9154500e-01 5.2521000e-03 -1.7966633e-02
6.0285274e+18 5.0721111e-01 6.1037042e-01 3.8907278e-01 5.2152026e-03 -1.7894497e-02
9.5545721e+18 5.0602137e-01 6.1312482e-01 3.8662847e-01 5.1788480e-03 -1.7812370e-02
1.5142976e+19 5.0483990e-01 6.1591681e-01 3.8421138e-01 5.1430225e-03 -1.7720565e-02
2.4000000e+19 5.0366659e-01 6.1874726e-01 3.8182085e-01 5.1077132e-03 -1.7619377e-02
3.8037437e+19 5.0250136e-01 6.2161707e-01 3.7945624e-01 5.0729074e-03 -1.7509089e-02
6.0285274e+19 5.0134411e-01 6.2452715e-01 3.7711692e-01 5.0385930e-03 -1.7389972e-02
9.5545721e+19 5.0019476e-01 6.2747847e-01 3.7480230e-01 5.0047581e-03 -1.7262285e-02
1.5142976e+20 4.9905321e-01 6.3047201e-01 3.7251177e-01 4.9713913e-03 -1.7126274e-02
2.4000000e+20 4.9791938e-01 6.3350879e-01 3.7024477e-01 4.9384814e-03 -1.6982176e-02
3.8037437e+20 4.9679318e-01 6.3658986e-01 3.6800074e-01 4.9060179e-03 -1.6830213e-02
6.0285274e+20 4.9567453e-01 6.3971631e-01 3.6577913e-01 4.8739903e-03 -1.6670599e-02
9.5545721e+20 4.9456335e-01 6.4288927e-01 3.6357943e-01 4.8423885e-03 -1.6503538e-02
1.5142976e+21 4.9345956e-01 6.4610991e-01 3.6140111e-01 4.8112027e-03 -1.6329222e-02
2.4000000e+21 4.9236306e-01 6.4937944e-01 3.5924367e-01 4.7804234e-03 -1.6147832e-02
3.8037437e+21 4.9127380e-01 6.5269911e-01 3.5710662e-01 4.7500416e-03 -1.5959543e-02
6.0285274e+21 4.9019167e-01 6.5607022e-01 3.5498949e-01 4.7200481e-03 -1.5764517e-02
9.5545721e+21 4.8911662e-01 6.5949411e-01 3.5289180e-01 4.6904344e-03 -1.5562909e-02
1.5142976e+22 4.8804857e-01 6.6297218e-01 3.5081311e-01 4.6611921e-03 -1.5354862e-02
2.4000000e+22 4.8698743e-01 6.6650588e-01 3.4875297e-01 4.6323128e-03 -1.5140514e-02
3.8037437e+22 4.8593314e-01 6.7009671e-01 3.4671094e-01 4.6037888e-03 -1.4919991e-02
6.0285274e+22 4.8488563e-01 6.7374622e-01 3.4468659e-01 4.5756121e-03 -1.4693411e-02
9.5545721e+22 4.8384482e-01 6.7745605e-01 3.4267951e-01 4.5477754e-03 -1.4460884e-02
1.5142976e+23 4.8281064e-01 6.8122786e-01 3.4068930e-01 4.5202713e-03 -1.4222511e-02
2.4000000e+23 4.8178302e-01 6.8506342e-01 3.3871554e-01 4.4930925e-03 -1.3978386e-02
3.8037437e+23 4.8076190e-01 6.8896454e-01 3.3675784e-01 4.4662323e-03 -1.3728593e-02
6.0285274e+23 4.7974720e-01 6.9293312e-01 3.3481583e-01 4.4396838e-03 -1.3473208e-02
9.5545721e+23 4.7873887e-01 6.9697112e-01 3.3288911e-01 4.4134404e-03 -1.3212301e-02
1.5142976e+24 4.7773683e-01 7.0108060e-01 3.3097732e-01 4.3874957e-03 -1.2945930e-02
2.4000000e+24 4.7674103e-01 7.0526369e-01 3.2908009e-01 4.3618434e-03 -1.2674148e-02
3.8037437e+24 4.7575139e-01 7.0952263e-01 3.2719705e-01 4.3364773e-03 -1.2396998e-02
6.0285274e+24 4.7476786e-01 7.1385974e-01 3.2532786e-01 4.3113917e-03 -1.2114516e-02
9.5545721e+24 4.7379037e-01 7.1827744e-01 3.2347216e-01 4.2865804e-03 -1.1826730e-02
1.5142976e+25 4.7281886e-01 7.2277828e-01 3.2162960e-01 4.2620380e-03 -1.1533658e-02
2.4000000e+25 4.7185327e-01 7.2736488e-01 3.1979985e-01 4.2377588e-03 -1.1235310e-02
3.8037437e+25 4.7089355e-01 7.3204003e-01 3.1798255e-01 4.2137373e-03 -1.0931688e-02
6.0285274e+25 4.6993964e-01 7.3680660e-01 3.1617738e-01 4.1899683e-03 -1.0622786e-02
9.5545721e+25 4.6899147e-01 7.4166763e-01 3.1438401e-01 4.1664465e-03 -1.0308586e-02
1.5142976e+26 4.6804899e-01 7.4662628e-01 3.1260211e-01 4.1431669e-03 -9.9890657e-03
2.4000000e+26 4.6711215e-01 7.5168587e-01 3.1083134e-01 4.1201243e-03 -9.6641889e-03
3.8037437e+26 4.6618089e-01 7.5684988e-01 3.0907139e-01 4.0973140e-03 -9.3339122e-03
6.0285274e+26 4.6525515e-01 7.6212195e-01 3.0732194e-01 4.0747311e-03 -8.9981814e-03
9.5545721e+26 4.6433488e-01 7.6750592e-01 3.0558265e-01 4.0523709e-03 -8.6569326e-03
1.5142976e+27 4.6342003e-01 7.7300581e-01 3.0385322e-01 4.0302288e-03 -8.3100907e-03
2.4000000e+27 4.6251055e-01 7.7862585e-01 3.0213331e-01 4.0083002e-03 -7.9575698e-03
3.8037437e+27 4.6160639e-01 7.8437049e-01 3.0042262e-01 3.9865806e-03 -7.5992724e-03
6.0285274e+27 4.6070749e-01 7.9024440e-01 2.9872081e-01 3.9650657e-03 -7.2350890e-03
9.5545721e+27 4.5981380e-01 7.9625252e-01 2.9702758e-01 3.9437511e-03 -6.8648972e-03
1.5142976e+28 4.5892528e-01 8.0240005e-01 2.9534259e-01 3.9226326e-03 -6.4885614e-03
2.4000000e+28 4.5804187e-01 8.0869248e-01 2.9366553e-01 3.9017059e-03 -6.1059319e-03
3.8037437e+28 4.5716353e-01 8.1513559e-01 2.9199607e-01 3.8809669e-03 -5.7168444e-03
6.0285274e+28 4.5629021e-01 8.2173552e-01 2.9033388e-01 3.8604115e-03 -5.3211187e-03
9.5545721e+28 4.5542187e-01 8.2849874e-01 2.8867863e-01 3.8400357e-03 -4.9185578e-03
1.5142976e+29 4.5455845e-01 8.3543212e-01 2.8702998e-01 3.8198354e-03 -4.5089473e-03
2.4000000e+29 4.5369992e-01 8.4254291e-01 2.8538760e-01 3.7998066e-03 -4.0920536e-03
3.8037437e+29 4.5284622e-01 8.4983884e-01 2.8375114e-01 3.7799455e-03 -3.6676230e-03
6.0285274e+29 4.5199731e-01 8.5732810e-01 2.8212025e-01 3.7602481e-03 -3.2353800e-03
9.5545721e+29 4.5115316e-01 8.6501939e-01 2.8049458e-01 3.7407105e-03 -2.7950259e-03
1.5142976e+30 4.5031370e-01 8.7292199e-01 2.7887376e-01 3.7213288e-03 -2.3462370e-03
2.4000000e+30 4.4947892e-01 8.8104578e-01 2.7725742e-01 3.7020993e-03 -1.8886623e-03
3.8037437e+30 4.4864875e-01 8.8940128e-01 2.7564518e-01 3.6830179e-03 -1.4219217e-03
6.0285274e+30 4.4782316e-01 8.9799975e-01 2.7403666e-01 3.6640810e-03 -9.4560356e-04
9.5545721e+30 4.4700212e-01 9.0685323e-01 2.7243144e-01 3.6452845e-03 -4.5926148e-04
1.5142976e+31 4.4618557e-01 9.1597459e-01 2.7082912e-01 3.6266247e-03 3.7588256e-05
2.4000000e+31 4.4537348e-01 9.2537767e-01 2.6922927e-01 3.6080977e-03 5.4547031e-04
3.8037437e+31 4.4456581e-01 9.3507730e-01 2.6763145e-01 3.5896994e-03 1.0649541e-03
6.0285274e+31 4.4376252e-01 9.4508943e-01 2.6603520e-01 3.5714261e-03 1.5966580e-03
9.5545721e+31 4.4296358e-01 9.5543125e-01 2.6444005e-01 3.5532735e-03 2.1412544e-03
1.5142976e+32 4.4216894e-01 9.6612132e-01 2.6284550e-01 3.5352378e-03 2.6994749e-03
2.4000000e+32 4.4137857e-01 9.7717966e-01 2.6125103e-01 3.5173146e-03 3.2721168e-03
3.8037437e+32 4.4059243e-01 9.8862797e-01 2.5965611e-01 3.4994999e-03 3.8600497e-03
6.0285274e+32 4.3981048e-01 1.0004898e+00 2.5806016e-01 3.4817893e-03 4.4642238e-03
9.5545721e+32 4.3903270e-01 1.0127907e+00 2.5646259e-01 3.4641784e-03 5.0856788e-03
1.5142976e+33 4.3825904e-01 1.0255585e+00 2.5486277e-01 3.4466626e-03 5.7255540e-03
2.4000000e+33 4.3748947e-01 1.0388236e+00 2.5326003e-01 3.4292372e-03 6.3851008e-03
3.8037437e+33 4.3672396e-01 1.0526192e+00 2.5165367e-01 3.4118974e-03 7.0656956e-03
6.0285274e+33 4.3596248e-01 1.0669818e+00 2.5004294e-01 3.3946381e-03 7.7688558e-03
9.5545721e+33 4.3520498e-01 1.0819514e+00 2.4842703e-01 3.3774541e-03 8.4962582e-03
1.5142976e+34 4.3445145e-01 1.0975721e+00 2.4680510e-01 3.3603397e-03 9.2497595e-03
2.4000000e+34 4.3370184e-01 1.1138926e+00 2.4517622e-01 3.3432893e-03 1.0031421e-02
3.8037437e+34 4.3295613e-01 1.1309671e+00 2.4353941e-01 3.3262966e-03 1.0843539e-02
6.0285274e+34 4.3221428e-01 1.1488555e+00 2.4189361e-01 3.3093551e-03 1.1688674e-02
9.5545721e+34 4.3147627e-01 1.1676250e+00 2.4023766e-01 3.2924580e-03 1.2569696e-02
1.5142976e+35 4.3074206e-01 1.1873504e+00 2.3857031e-01 3.2755978e-03 1.3489830e-02
2.4000000e+35 4.3001164e-01 1.2081160e+00 2.3689021e-01 3.2587664e-03 1.4452707e-02
3.8037437e+35 4.2928496e-01 1.2300170e+00 2.3519585e-01 3.2419553e-03 1.5462440e-02
6.0285274e+35 4.2856200e-01 1.2531612e+00 2.3348559e-01 3.2251550e-03 1.6523698e-02
9.5545721e+35 4.2784275e-01 1.2776711e+00 2.3175764e-01 3.2083553e-03 1.7641806e-02
1.5142976e+36 4.2712716e-01 1.3036871e+00 2.3000997e-01 3.1915448e-03 1.8822865e-02
2.4000000e+36 4.2641522e-01 1.3313707e+00 2.2824037e-01 3.1747110e-03 2.0073896e-02
3.8037437e+36 4.2570690e-01 1.3609089e+00 2.2644633e-01 3.1578398e-03 2.1403017e-02
6.0285274e+36 4.2500218e-01 1.3925191e+00 2.2462504e-01 3.1409156e-03 2.2819670e-02
9.5545721e+36 4.2430104e-01 1.4264567e+00 2.2277333e-01 3.1239206e-03 2.4334894e-02
1.5142976e+37 4.2360345e-01 1.4630234e+00 2.2088759e-01 3.1068346e-03 2.5961672e-02
2.4000000e+37 4.2290941e-01 1.5025789e+00 2.1896368e-01 3.0896343e-03 2.7715372e-02
3.8037437e+37 4.2221890e-01 1.5455559e+00 2.1699682e-01 3.0722926e-03 2.9614301e-02
6.0285274e+37 4.2153189e-01 1.5924807e+00 2.1498146e-01 3.0547778e-03 3.1680421e-02
9.5545721e+37 4.2084839e-01 1.6440006e+00 2.1291110e-01 3.0370523e-03 3.3940253e-02
1.5142976e+38 4.2016837e-01 1.7009228e+00 2.1077804e-01 3.0190710e-03 3.6426046e-02
2.4000000e+38 4.1949185e-01 1.7642686e+00 2.0857306e-01 3.0007788e-03 3.9177245e-02
3.8037437e+38 4.1881881e-01 1.8353531e+00 2.0628504e-01 2.9821078e-03 4.2242312e-02
6.0285274e+38 4.1814928e-01 1.9159039e+00 2.0390033e-01 2.9629724e-03 4.5680844e-02
9.5545721e+38 4.1748327e-01 2.0082441e+00 2.0140199e-01 2.9432625e-03 4.9565635e-02
1.5142976e+39 4.1682080e-01 2.1155867e+00 1.9876864e-01 2.9228327e-03 5.3983500e-02
2.4000000e+39 4.1616193e-01 2.2425276e+00 1.9597286e-01 2.9014859e-03 5.9031077e-02
3.8037437e+39 4.1550673e-01 2.3959221e+00 1.9297892e-01 2.8789438e-03 6.4793805e-02
6.0285274e+39 4.1485530e-01 2.5865523e+00 1.8973964e-01 2.8547952e-03 7.1269287e-02
9.5545721e+39 4.1420781e-01 2.8325952e+00 1.8619305e-01 2.8283941e-03 7.8093654e-02
1.5142976e+40 4.1356450e-01 3.1677510e+00 1.8226339e-01 2.7986350e-03 8.3467883e-02

